Reactive con 10
Ap1.txt	10	10	5	10	164	164	0.000000
Ap2.txt	10	10	7	17	230	230	0.000000
Ap3.txt	10	10	10	21	247	247	0.000000
Ap4.txt	15	10	5	7	268	268	0.000000
Ap5.txt	15	10	7	14	358	358	0.000000
Ap6.txt	15	10	10	15	289	289	0.000000
Ap7.txt	20	20	5	8	430	430	0.000000
Ap8.txt	20	20	7	13	831	834	0.050000
Ap9.txt	20	20	10	18	924	924	0.000000
Ap10.txt	30	30	5	13	1452	1452	0.000000
Ap11.txt	30	30	7	15	1688	1688	0.000000
Ap12.txt	30	30	10	22	1865	1865	0.000000
Ap13.txt	30	30	7	7	1178	1178	0.000000
Ap14.txt	30	30	15	15	1270	1270	0.000000
Ap15.txt	70	40	19	42	2726	2726	0.000000
Ap16.txt	40	70	20	62	1860	1860	0.050000
Ap17.txt	100	100	15	50	27589	27718	0.220000
Ap18.txt	100	100	30	30	21976	22502	0.380000
Ap19.txt	100	100	30	30	23743	24019	0.330000
Ap20.txt	100	100	33	61	32893	32893	0.000000
Ap21.txt	100	100	29	97	27923	27923	0.000000
tfs1_1.txt	100	100	40	40	27852	29955	0.160000
tfs1_2.txt	100	100	40	40	28277	30000	0.390000
tfs1_3.txt	100	100	40	40	27849	30000	0.220000
tfs1_4.txt	100	100	40	40	28494	30000	0.280000
tfs1_5.txt	100	100	40	40	28677	30000	0.330000
tfs1_6.txt	100	100	40	40	27686	30000	0.330000
tfs1_7.txt	100	100	40	40	28270	29994	0.610000
tfs1_8.txt	100	100	40	40	27840	30000	0.600000
tfs1_9.txt	100	100	40	40	27871	30000	0.600000
tfs1_10.txt	100	100	40	40	28936	29982	0.270000
tfs1_11.txt	100	100	40	120	28596	30000	0.380000
tfs1_12.txt	100	100	40	120	29019	30000	0.330000
tfs1_13.txt	100	100	40	120	29235	30000	0.380000
tfs1_14.txt	100	100	40	120	28218	30000	0.330000
tfs1_15.txt	100	100	40	120	29496	30000	0.330000
tfs1_16.txt	100	100	40	120	29388	30000	0.110000
tfs1_17.txt	100	100	40	120	27572	30000	0.330000
tfs1_18.txt	100	100	40	120	29408	30000	0.270000
tfs1_19.txt	100	100	40	120	29712	30000	0.500000
tfs1_20.txt	100	100	40	120	29112	30000	0.220000
tfs1_21.txt	100	100	40	160	29700	30000	0.160000
tfs1_22.txt	100	100	40	160	29586	30000	0.280000
tfs1_23.txt	100	100	40	160	29490	30000	0.270000
tfs1_24.txt	100	100	40	160	29240	30000	0.220000
tfs1_25.txt	100	100	40	160	29622	30000	0.330000
tfs1_26.txt	100	100	40	160	28737	30000	0.380000
tfs1_27.txt	100	100	40	160	29676	30000	0.280000
tfs1_28.txt	100	100	40	160	29517	30000	0.550000
tfs1_29.txt	100	100	40	160	29028	30000	0.220000
tfs1_30.txt	100	100	40	160	29296	30000	0.220000
tfs1_31.txt	100	100	50	50	29245	30000	0.500000
tfs1_32.txt	100	100	50	50	28400	29994	0.220000
tfs1_33.txt	100	100	50	50	28824	30000	0.600000
tfs1_34.txt	100	100	50	50	27423	30000	0.710000
tfs1_35.txt	100	100	50	50	28356	30000	0.390000
tfs1_36.txt	100	100	50	50	28580	30000	0.440000
tfs1_37.txt	100	100	50	50	29648	30000	0.160000
tfs1_38.txt	100	100	50	50	28170	30000	0.390000
tfs1_39.txt	100	100	50	50	29514	30000	0.770000
tfs1_40.txt	100	100	50	50	28257	30000	0.220000
tfs1_41.txt	100	100	50	150	29550	30000	0.330000
tfs1_42.txt	100	100	50	150	29800	30000	0.280000
tfs1_43.txt	100	100	50	150	29556	30000	0.390000
tfs1_44.txt	100	100	50	150	29397	30000	0.380000
tfs1_45.txt	100	100	50	150	29541	30000	0.490000
tfs1_46.txt	100	100	50	150	29362	30000	0.280000
tfs1_47.txt	100	100	50	150	29368	30000	0.390000
tfs1_48.txt	100	100	50	150	29370	30000	0.270000
tfs1_49.txt	100	100	50	150	29562	30000	0.270000
tfs1_50.txt	100	100	50	150	29298	30000	0.220000
tfs1_51.txt	100	100	50	200	29874	30000	0.280000
tfs1_52.txt	100	100	50	200	29748	30000	0.270000
tfs1_53.txt	100	100	50	200	29919	30000	0.390000
tfs1_54.txt	100	100	50	200	29880	30000	0.330000
tfs1_55.txt	100	100	50	200	29652	30000	0.380000
tfs1_56.txt	100	100	50	200	29881	30000	0.380000
tfs1_57.txt	100	100	50	200	28952	30000	0.550000
tfs1_58.txt	100	100	50	200	29799	30000	0.280000
tfs1_59.txt	100	100	50	200	29502	30000	0.330000
tfs1_60.txt	100	100	50	200	29292	30000	0.440000
tfs1_61.txt	100	100	100	100	29865	30000	0.720000
tfs1_62.txt	100	100	100	100	29224	30000	0.710000
tfs1_63.txt	100	100	100	100	29699	30000	0.440000
tfs1_64.txt	100	100	100	100	29631	30000	0.600000
tfs1_65.txt	100	100	100	100	29172	30000	0.280000
tfs1_66.txt	100	100	100	100	29192	30000	0.550000
tfs1_67.txt	100	100	100	100	29397	30000	0.600000
tfs1_68.txt	100	100	100	100	29685	30000	0.440000
tfs1_69.txt	100	100	100	100	29523	30000	0.380000
tfs1_70.txt	100	100	100	100	29565	30000	0.280000
tfs1_71.txt	100	100	100	300	29916	30000	0.390000
tfs1_72.txt	100	100	100	300	29709	30000	0.600000
tfs1_73.txt	100	100	100	300	29724	30000	0.490000
tfs1_74.txt	100	100	100	300	29884	30000	0.600000
tfs1_75.txt	100	100	100	300	29727	30000	0.380000
tfs1_76.txt	100	100	100	300	29982	30000	0.660000
tfs1_77.txt	100	100	100	300	29721	30000	0.660000
tfs1_78.txt	100	100	100	300	29868	30000	0.500000
tfs1_79.txt	100	100	100	300	29904	30000	0.380000
tfs1_80.txt	100	100	100	300	29781	30000	0.380000
tfs1_81.txt	100	100	100	400	29985	30000	0.220000
tfs1_82.txt	100	100	100	400	29765	30000	0.550000
tfs1_83.txt	100	100	100	400	29970	30000	0.490000
tfs1_84.txt	100	100	100	400	29877	30000	0.390000
tfs1_85.txt	100	100	100	400	29772	30000	0.490000
tfs1_86.txt	100	100	100	400	30000	30000	0.060000
tfs1_87.txt	100	100	100	400	29700	30000	0.440000
tfs1_88.txt	100	100	100	400	30000	30000	0.000000
tfs1_89.txt	100	100	100	400	29840	30000	0.490000
tfs1_90.txt	100	100	100	400	29805	30000	0.490000
tfs1_91.txt	100	100	150	150	29964	30000	0.440000
tfs1_92.txt	100	100	150	150	29532	30000	0.770000
tfs1_93.txt	100	100	150	150	29416	30000	0.930000
tfs1_94.txt	100	100	150	150	29625	30000	0.720000
tfs1_95.txt	100	100	150	150	29868	30000	1.260000
tfs1_96.txt	100	100	150	150	29535	30000	0.770000
tfs1_97.txt	100	100	150	150	29631	30000	0.650000
tfs1_98.txt	100	100	150	150	29826	30000	0.610000
tfs1_99.txt	100	100	150	150	29862	30000	0.600000
tfs1_100.txt	100	100	150	150	29811	30000	0.660000
tfs1_101.txt	100	100	150	450	30000	30000	0.110000
tfs1_102.txt	100	100	150	450	29988	30000	0.550000
tfs1_103.txt	100	100	150	450	29925	30000	0.710000
tfs1_104.txt	100	100	150	450	29952	30000	0.440000
tfs1_105.txt	100	100	150	450	29982	30000	0.660000
tfs1_106.txt	100	100	150	450	29922	30000	0.770000
tfs1_107.txt	100	100	150	450	29943	30000	0.710000
tfs1_108.txt	100	100	150	450	29946	30000	0.550000
tfs1_109.txt	100	100	150	450	29856	30000	0.390000
tfs1_110.txt	100	100	150	450	29858	30000	0.550000
tfs1_111.txt	100	100	150	600	29958	30000	0.600000
tfs1_112.txt	100	100	150	600	29796	30000	0.380000
tfs1_113.txt	100	100	150	600	29979	30000	0.710000
tfs1_114.txt	100	100	150	600	29844	30000	0.490000
tfs1_115.txt	100	100	150	600	29924	30000	0.610000
tfs1_116.txt	100	100	150	600	29976	30000	0.600000
tfs1_117.txt	100	100	150	600	29920	30000	0.600000
tfs1_118.txt	100	100	150	600	29892	30000	0.660000
tfs1_119.txt	100	100	150	600	30000	30000	0.000000
tfs1_120.txt	100	100	150	600	29868	30000	0.600000
tfs1_121.txt	100	100	250	250	29783	30000	0.940000
tfs1_122.txt	100	100	250	250	29862	30000	0.770000
tfs1_123.txt	100	100	250	250	29839	30000	0.930000
tfs1_124.txt	100	100	250	250	29907	30000	0.770000
tfs1_125.txt	100	100	250	250	29802	30000	0.490000
tfs1_126.txt	100	100	250	250	29773	30000	1.100000
tfs1_127.txt	100	100	250	250	29733	30000	0.820000
tfs1_128.txt	100	100	250	250	29811	30000	0.990000
tfs1_129.txt	100	100	250	250	29790	30000	0.880000
tfs1_130.txt	100	100	250	250	29944	30000	1.090000
tfs1_131.txt	100	100	250	750	29940	30000	0.770000
tfs1_132.txt	100	100	250	750	29964	30000	0.770000
tfs1_133.txt	100	100	250	750	29880	30000	0.880000
tfs1_134.txt	100	100	250	750	30000	30000	0.280000
tfs1_135.txt	100	100	250	750	29952	30000	0.540000
tfs1_136.txt	100	100	250	750	29844	30000	0.710000
tfs1_137.txt	100	100	250	750	29985	30000	0.940000
tfs1_138.txt	100	100	250	750	30000	30000	0.000000
tfs1_139.txt	100	100	250	750	29934	30000	0.710000
tfs1_140.txt	100	100	250	750	29898	30000	0.650000
tfs1_141.txt	100	100	250	1000	30000	30000	0.060000
tfs1_142.txt	100	100	250	1000	29982	30000	0.720000
tfs1_143.txt	100	100	250	1000	29982	30000	0.610000
tfs1_144.txt	100	100	250	1000	30000	30000	0.160000
tfs1_145.txt	100	100	250	1000	29940	30000	0.930000
tfs1_146.txt	100	100	250	1000	29952	30000	0.710000
tfs1_147.txt	100	100	250	1000	30000	30000	0.110000
tfs1_148.txt	100	100	250	1000	30000	30000	0.000000
tfs1_149.txt	100	100	250	1000	29934	30000	0.720000
tfs1_150.txt	100	100	250	1000	30000	30000	0.550000
tfs1_151.txt	100	100	500	500	29943	30000	1.040000
tfs1_152.txt	100	100	500	500	29973	30000	1.150000
tfs1_153.txt	100	100	500	500	29934	30000	1.260000
tfs1_154.txt	100	100	500	500	29970	30000	1.050000
tfs1_155.txt	100	100	500	500	30000	30000	0.050000
tfs1_156.txt	100	100	500	500	29954	30000	1.210000
tfs1_157.txt	100	100	500	500	29994	30000	1.210000
tfs1_158.txt	100	100	500	500	30000	30000	0.870000
tfs1_159.txt	100	100	500	500	29958	30000	1.040000
tfs1_160.txt	100	100	500	500	29988	30000	0.940000
tfs1_161.txt	100	100	500	1500	29976	30000	1.370000
tfs1_162.txt	100	100	500	1500	30000	30000	0.000000
tfs1_163.txt	100	100	500	1500	30000	30000	0.330000
tfs1_164.txt	100	100	500	1500	30000	30000	0.330000
tfs1_165.txt	100	100	500	1500	30000	30000	0.500000
tfs1_166.txt	100	100	500	1500	30000	30000	0.550000
tfs1_167.txt	100	100	500	1500	30000	30000	0.110000
tfs1_168.txt	100	100	500	1500	30000	30000	0.110000
tfs1_169.txt	100	100	500	1500	30000	30000	0.110000
tfs1_170.txt	100	100	500	1500	30000	30000	0.060000
tfs1_171.txt	100	100	500	2000	30000	30000	0.000000
tfs1_172.txt	100	100	500	2000	30000	30000	0.490000
tfs1_173.txt	100	100	500	2000	30000	30000	0.000000
tfs1_174.txt	100	100	500	2000	29956	30000	1.050000
tfs1_175.txt	100	100	500	2000	30000	30000	0.050000
tfs1_176.txt	100	100	500	2000	30000	30000	0.880000
tfs1_177.txt	100	100	500	2000	30000	30000	0.220000
tfs1_178.txt	100	100	500	2000	30000	30000	0.000000
tfs1_179.txt	100	100	500	2000	30000	30000	0.060000
tfs1_180.txt	100	100	500	2000	30000	30000	0.110000
tfs1_181.txt	100	100	1000	1000	29988	30000	1.700000
tfs1_182.txt	100	100	1000	1000	30000	30000	0.050000
tfs1_183.txt	100	100	1000	1000	29970	30000	1.980000
tfs1_184.txt	100	100	1000	1000	29988	30000	1.980000
tfs1_185.txt	100	100	1000	1000	30000	30000	1.640000
tfs1_186.txt	100	100	1000	1000	30000	30000	0.060000
tfs1_187.txt	100	100	1000	1000	29994	30000	1.760000
tfs1_188.txt	100	100	1000	1000	29988	30000	1.980000
tfs1_189.txt	100	100	1000	1000	30000	30000	0.550000
tfs1_190.txt	100	100	1000	1000	30000	30000	0.440000
tfs1_191.txt	100	100	1000	3000	30000	30000	0.110000
tfs1_192.txt	100	100	1000	3000	30000	30000	0.000000
tfs1_193.txt	100	100	1000	3000	30000	30000	0.270000
tfs1_194.txt	100	100	1000	3000	30000	30000	0.000000
tfs1_195.txt	100	100	1000	3000	30000	30000	0.050000
tfs1_196.txt	100	100	1000	3000	30000	30000	0.110000
tfs1_197.txt	100	100	1000	3000	30000	30000	0.170000
tfs1_198.txt	100	100	1000	3000	30000	30000	0.170000
tfs1_199.txt	100	100	1000	3000	30000	30000	0.110000
tfs1_200.txt	100	100	1000	3000	30000	30000	0.050000
tfs1_201.txt	100	100	1000	4000	30000	30000	0.050000
tfs1_202.txt	100	100	1000	4000	30000	30000	0.490000
tfs1_203.txt	100	100	1000	4000	30000	30000	0.060000
tfs1_204.txt	100	100	1000	4000	30000	30000	0.270000
tfs1_205.txt	100	100	1000	4000	30000	30000	0.720000
tfs1_206.txt	100	100	1000	4000	30000	30000	0.110000
tfs1_207.txt	100	100	1000	4000	30000	30000	0.110000
tfs1_208.txt	100	100	1000	4000	30000	30000	1.100000
tfs1_209.txt	100	100	1000	4000	30000	30000	0.000000
tfs1_210.txt	100	100	1000	4000	30000	30000	0.000000
tfs2_1.txt	100	100	40	40	27659	29973	0.550000
tfs2_2.txt	100	100	40	40	27997	29994	0.440000
tfs2_3.txt	100	100	40	40	26842	29994	0.820000
tfs2_4.txt	100	100	40	40	29319	30000	0.490000
tfs2_5.txt	100	100	40	40	26180	29997	0.600000
tfs2_6.txt	100	100	40	40	27056	30000	0.610000
tfs2_7.txt	100	100	40	40	27244	30000	0.440000
tfs2_8.txt	100	100	40	40	26837	29976	0.330000
tfs2_9.txt	100	100	40	40	28146	30000	0.380000
tfs2_10.txt	100	100	40	40	27716	30000	0.490000
tfs2_11.txt	100	100	40	120	29688	30000	0.440000
tfs2_12.txt	100	100	40	120	29316	30000	0.490000
tfs2_13.txt	100	100	40	120	28220	30000	0.330000
tfs2_14.txt	100	100	40	120	29391	30000	0.390000
tfs2_15.txt	100	100	40	120	28300	30000	0.330000
tfs2_16.txt	100	100	40	120	29886	30000	0.330000
tfs2_17.txt	100	100	40	120	29568	30000	0.390000
tfs2_18.txt	100	100	40	120	29511	30000	0.440000
tfs2_19.txt	100	100	40	120	29580	30000	0.330000
tfs2_20.txt	100	100	40	120	29022	30000	0.220000
tfs2_21.txt	100	100	40	160	28872	30000	0.330000
tfs2_22.txt	100	100	40	160	29526	30000	0.390000
tfs2_23.txt	100	100	40	160	29730	30000	0.220000
tfs2_24.txt	100	100	40	160	29670	30000	0.440000
tfs2_25.txt	100	100	40	160	29303	30000	0.380000
tfs2_26.txt	100	100	40	160	29018	30000	0.270000
tfs2_27.txt	100	100	40	160	29013	30000	0.380000
tfs2_28.txt	100	100	40	160	29592	30000	0.440000
tfs2_29.txt	100	100	40	160	29691	30000	0.710000
tfs2_30.txt	100	100	40	160	28824	29994	0.280000
tfs2_31.txt	100	100	50	50	28632	30000	0.710000
tfs2_32.txt	100	100	50	50	28906	30000	0.390000
tfs2_33.txt	100	100	50	50	29262	30000	0.270000
tfs2_34.txt	100	100	50	50	29502	30000	0.390000
tfs2_35.txt	100	100	50	50	26690	29994	0.330000
tfs2_36.txt	100	100	50	50	28261	30000	1.150000
tfs2_37.txt	100	100	50	50	27697	30000	0.710000
tfs2_38.txt	100	100	50	50	28462	29997	0.490000
tfs2_39.txt	100	100	50	50	29050	30000	0.660000
tfs2_40.txt	100	100	50	50	28164	30000	0.550000
tfs2_41.txt	100	100	50	150	29556	30000	0.270000
tfs2_42.txt	100	100	50	150	29912	30000	0.440000
tfs2_43.txt	100	100	50	150	29006	30000	0.330000
tfs2_44.txt	100	100	50	150	29028	30000	0.440000
tfs2_45.txt	100	100	50	150	28988	30000	0.550000
tfs2_46.txt	100	100	50	150	29916	30000	0.330000
tfs2_47.txt	100	100	50	150	29700	30000	0.280000
tfs2_48.txt	100	100	50	150	29715	30000	0.490000
tfs2_49.txt	100	100	50	150	29787	30000	0.490000
tfs2_50.txt	100	100	50	150	29637	30000	0.390000
tfs2_51.txt	100	100	50	200	29628	30000	0.380000
tfs2_52.txt	100	100	50	200	29412	30000	0.330000
tfs2_53.txt	100	100	50	200	29368	30000	0.720000
tfs2_54.txt	100	100	50	200	29581	30000	0.440000
tfs2_55.txt	100	100	50	200	28950	30000	0.490000
tfs2_56.txt	100	100	50	200	29940	30000	0.270000
tfs2_57.txt	100	100	50	200	29488	30000	0.330000
tfs2_58.txt	100	100	50	200	29581	30000	0.390000
tfs2_59.txt	100	100	50	200	29585	30000	0.720000
tfs2_60.txt	100	100	50	200	29646	30000	0.550000
tfs2_61.txt	100	100	100	100	29448	30000	0.490000
tfs2_62.txt	100	100	100	100	29712	30000	0.830000
tfs2_63.txt	100	100	100	100	29847	30000	0.610000
tfs2_64.txt	100	100	100	100	29644	30000	0.660000
tfs2_65.txt	100	100	100	100	29506	30000	0.870000
tfs2_66.txt	100	100	100	100	29175	30000	0.660000
tfs2_67.txt	100	100	100	100	29310	30000	0.610000
tfs2_68.txt	100	100	100	100	29386	30000	1.100000
tfs2_69.txt	100	100	100	100	29685	30000	1.150000
tfs2_70.txt	100	100	100	100	29520	30000	0.500000
tfs2_71.txt	100	100	100	300	30000	30000	0.000000
tfs2_72.txt	100	100	100	300	29820	30000	0.600000
tfs2_73.txt	100	100	100	300	29778	30000	0.330000
tfs2_74.txt	100	100	100	300	29606	30000	0.720000
tfs2_75.txt	100	100	100	300	29838	30000	0.380000
tfs2_76.txt	100	100	100	300	29715	30000	0.880000
tfs2_77.txt	100	100	100	300	29982	30000	0.390000
tfs2_78.txt	100	100	100	300	29786	30000	0.710000
tfs2_79.txt	100	100	100	300	29928	30000	0.550000
tfs2_80.txt	100	100	100	300	29694	30000	0.440000
tfs2_81.txt	100	100	100	400	29895	30000	0.660000
tfs2_82.txt	100	100	100	400	29982	30000	0.830000
tfs2_83.txt	100	100	100	400	29838	30000	0.550000
tfs2_84.txt	100	100	100	400	29806	30000	0.660000
tfs2_85.txt	100	100	100	400	29826	30000	0.660000
tfs2_86.txt	100	100	100	400	30000	30000	0.110000
tfs2_87.txt	100	100	100	400	29928	30000	0.720000
tfs2_88.txt	100	100	100	400	29982	30000	0.490000
tfs2_89.txt	100	100	100	400	29928	30000	0.380000
tfs2_90.txt	100	100	100	400	29700	30000	0.610000
tfs2_91.txt	100	100	150	150	29801	30000	0.820000
tfs2_92.txt	100	100	150	150	29539	30000	0.770000
tfs2_93.txt	100	100	150	150	29934	30000	0.770000
tfs2_94.txt	100	100	150	150	29834	30000	0.930000
tfs2_95.txt	100	100	150	150	29643	30000	0.770000
tfs2_96.txt	100	100	150	150	29577	30000	0.880000
tfs2_97.txt	100	100	150	150	29655	30000	0.830000
tfs2_98.txt	100	100	150	150	29753	30000	0.880000
tfs2_99.txt	100	100	150	150	29589	30000	0.710000
tfs2_100.txt	100	100	150	150	29717	30000	0.720000
tfs2_101.txt	100	100	150	450	29961	30000	0.720000
tfs2_102.txt	100	100	150	450	29880	30000	0.660000
tfs2_103.txt	100	100	150	450	29898	30000	0.490000
tfs2_104.txt	100	100	150	450	29985	30000	0.660000
tfs2_105.txt	100	100	150	450	29862	30000	0.820000
tfs2_106.txt	100	100	150	450	29958	30000	0.660000
tfs2_107.txt	100	100	150	450	30000	30000	0.000000
tfs2_108.txt	100	100	150	450	29901	30000	0.660000
tfs2_109.txt	100	100	150	450	29964	30000	0.720000
tfs2_110.txt	100	100	150	450	29944	30000	0.940000
tfs2_111.txt	100	100	150	600	29856	30000	0.610000
tfs2_112.txt	100	100	150	600	29937	30000	0.660000
tfs2_113.txt	100	100	150	600	29982	30000	0.870000
tfs2_114.txt	100	100	150	600	29991	30000	0.390000
tfs2_115.txt	100	100	150	600	29991	30000	0.600000
tfs2_116.txt	100	100	150	600	29964	30000	0.500000
tfs2_117.txt	100	100	150	600	30000	30000	0.280000
tfs2_118.txt	100	100	150	600	29970	30000	0.760000
tfs2_119.txt	100	100	150	600	29937	30000	0.830000
tfs2_120.txt	100	100	150	600	29976	30000	0.600000
tfs2_121.txt	100	100	250	250	29871	30000	1.320000
tfs2_122.txt	100	100	250	250	29698	30000	0.870000
tfs2_123.txt	100	100	250	250	29637	30000	0.880000
tfs2_124.txt	100	100	250	250	29806	30000	1.100000
tfs2_125.txt	100	100	250	250	29901	30000	1.260000
tfs2_126.txt	100	100	250	250	29653	30000	1.430000
tfs2_127.txt	100	100	250	250	29723	30000	1.040000
tfs2_128.txt	100	100	250	250	29820	30000	1.100000
tfs2_129.txt	100	100	250	250	29988	30000	0.880000
tfs2_130.txt	100	100	250	250	29691	30000	1.100000
tfs2_131.txt	100	100	250	750	29988	30000	0.770000
tfs2_132.txt	100	100	250	750	30000	30000	0.660000
tfs2_133.txt	100	100	250	750	29988	30000	0.770000
tfs2_134.txt	100	100	250	750	30000	30000	0.110000
tfs2_135.txt	100	100	250	750	29982	30000	0.770000
tfs2_136.txt	100	100	250	750	29964	30000	0.930000
tfs2_137.txt	100	100	250	750	30000	30000	0.060000
tfs2_138.txt	100	100	250	750	29952	30000	0.990000
tfs2_139.txt	100	100	250	750	29952	30000	0.880000
tfs2_140.txt	100	100	250	750	29972	30000	0.980000
tfs2_141.txt	100	100	250	1000	30000	30000	0.110000
tfs2_142.txt	100	100	250	1000	30000	30000	0.000000
tfs2_143.txt	100	100	250	1000	30000	30000	0.110000
tfs2_144.txt	100	100	250	1000	29988	30000	1.040000
tfs2_145.txt	100	100	250	1000	29973	30000	0.880000
tfs2_146.txt	100	100	250	1000	29936	30000	0.820000
tfs2_147.txt	100	100	250	1000	30000	30000	0.170000
tfs2_148.txt	100	100	250	1000	30000	30000	0.270000
tfs2_149.txt	100	100	250	1000	30000	30000	0.220000
tfs2_150.txt	100	100	250	1000	29982	30000	0.880000
tfs2_151.txt	100	100	500	500	29980	30000	1.650000
tfs2_152.txt	100	100	500	500	29968	30000	1.380000
tfs2_153.txt	100	100	500	500	29949	30000	1.320000
tfs2_154.txt	100	100	500	500	29964	30000	1.700000
tfs2_155.txt	100	100	500	500	29988	30000	1.320000
tfs2_156.txt	100	100	500	500	29922	30000	1.260000
tfs2_157.txt	100	100	500	500	29982	30000	1.490000
tfs2_158.txt	100	100	500	500	29958	30000	1.480000
tfs2_159.txt	100	100	500	500	29970	30000	1.540000
tfs2_160.txt	100	100	500	500	30000	30000	0.550000
tfs2_161.txt	100	100	500	1500	30000	30000	0.110000
tfs2_162.txt	100	100	500	1500	30000	30000	0.000000
tfs2_163.txt	100	100	500	1500	30000	30000	0.110000
tfs2_164.txt	100	100	500	1500	30000	30000	0.000000
tfs2_165.txt	100	100	500	1500	30000	30000	0.770000
tfs2_166.txt	100	100	500	1500	30000	30000	0.110000
tfs2_167.txt	100	100	500	1500	30000	30000	0.050000
tfs2_168.txt	100	100	500	1500	30000	30000	0.000000
tfs2_169.txt	100	100	500	1500	29973	30000	1.320000
tfs2_170.txt	100	100	500	1500	29994	30000	1.320000
tfs2_171.txt	100	100	500	2000	30000	30000	0.000000
tfs2_172.txt	100	100	500	2000	30000	30000	0.000000
tfs2_173.txt	100	100	500	2000	30000	30000	0.380000
tfs2_174.txt	100	100	500	2000	29988	30000	1.490000
tfs2_175.txt	100	100	500	2000	29976	30000	1.210000
tfs2_176.txt	100	100	500	2000	30000	30000	0.390000
tfs2_177.txt	100	100	500	2000	30000	30000	0.000000
tfs2_178.txt	100	100	500	2000	30000	30000	1.100000
tfs2_179.txt	100	100	500	2000	30000	30000	0.220000
tfs2_180.txt	100	100	500	2000	30000	30000	0.000000
tfs2_181.txt	100	100	1000	1000	29973	30000	1.920000
tfs2_182.txt	100	100	1000	1000	30000	30000	0.330000
tfs2_183.txt	100	100	1000	1000	30000	30000	0.050000
tfs2_184.txt	100	100	1000	1000	29985	30000	1.980000
tfs2_185.txt	100	100	1000	1000	30000	30000	0.050000
tfs2_186.txt	100	100	1000	1000	29982	30000	1.700000
tfs2_187.txt	100	100	1000	1000	29984	30000	2.090000
tfs2_188.txt	100	100	1000	1000	30000	30000	0.110000
tfs2_189.txt	100	100	1000	1000	30000	30000	0.930000
tfs2_190.txt	100	100	1000	1000	30000	30000	0.110000
tfs2_191.txt	100	100	1000	3000	30000	30000	0.160000
tfs2_192.txt	100	100	1000	3000	30000	30000	0.220000
tfs2_193.txt	100	100	1000	3000	30000	30000	0.000000
tfs2_194.txt	100	100	1000	3000	30000	30000	0.060000
tfs2_195.txt	100	100	1000	3000	30000	30000	0.160000
tfs2_196.txt	100	100	1000	3000	30000	30000	0.160000
tfs2_197.txt	100	100	1000	3000	30000	30000	0.060000
tfs2_198.txt	100	100	1000	3000	30000	30000	0.050000
tfs2_199.txt	100	100	1000	3000	30000	30000	0.110000
tfs2_200.txt	100	100	1000	3000	30000	30000	0.110000
tfs2_201.txt	100	100	1000	4000	30000	30000	0.220000
tfs2_202.txt	100	100	1000	4000	30000	30000	0.110000
tfs2_203.txt	100	100	1000	4000	30000	30000	0.330000
tfs2_204.txt	100	100	1000	4000	30000	30000	0.110000
tfs2_205.txt	100	100	1000	4000	30000	30000	0.170000
tfs2_206.txt	100	100	1000	4000	30000	30000	0.050000
tfs2_207.txt	100	100	1000	4000	30000	30000	0.170000
tfs2_208.txt	100	100	1000	4000	30000	30000	0.050000
tfs2_209.txt	100	100	1000	4000	30000	30000	0.170000
tfs2_210.txt	100	100	1000	4000	30000	30000	0.060000
tfs3_1.txt	100	100	40	40	28315	29991	1.090000
tfs3_2.txt	100	100	40	40	27653	29991	1.210000
tfs3_3.txt	100	100	40	40	28800	30000	0.440000
tfs3_4.txt	100	100	40	40	25546	28170	0.990000
tfs3_5.txt	100	100	40	40	27754	30000	0.550000
tfs3_6.txt	100	100	40	40	28714	30000	0.770000
tfs3_7.txt	100	100	40	40	28543	30000	0.440000
tfs3_8.txt	100	100	40	40	28329	30000	0.710000
tfs3_9.txt	100	100	40	40	26549	30000	0.330000
tfs3_10.txt	100	100	40	40	25809	29991	0.430000
tfs3_11.txt	100	100	40	120	29658	30000	0.500000
tfs3_12.txt	100	100	40	120	29646	30000	0.440000
tfs3_13.txt	100	100	40	120	29736	30000	0.270000
tfs3_14.txt	100	100	40	120	28947	30000	0.330000
tfs3_15.txt	100	100	40	120	29192	30000	0.330000
tfs3_16.txt	100	100	40	120	29439	30000	0.660000
tfs3_17.txt	100	100	40	120	29508	30000	0.220000
tfs3_18.txt	100	100	40	120	29436	30000	0.550000
tfs3_19.txt	100	100	40	120	29928	30000	0.220000
tfs3_20.txt	100	100	40	120	29292	30000	0.380000
tfs3_21.txt	100	100	40	160	29424	30000	0.330000
tfs3_22.txt	100	100	40	160	29130	30000	0.550000
tfs3_23.txt	100	100	40	160	29541	30000	0.660000
tfs3_24.txt	100	100	40	160	29700	30000	0.270000
tfs3_25.txt	100	100	40	160	29680	30000	0.380000
tfs3_26.txt	100	100	40	160	29084	30000	0.390000
tfs3_27.txt	100	100	40	160	29664	30000	0.440000
tfs3_28.txt	100	100	40	160	29505	30000	0.440000
tfs3_29.txt	100	100	40	160	29362	30000	0.880000
tfs3_30.txt	100	100	40	160	29822	30000	0.600000
tfs3_31.txt	100	100	50	50	28941	30000	0.770000
tfs3_32.txt	100	100	50	50	29415	30000	0.550000
tfs3_33.txt	100	100	50	50	28656	30000	0.930000
tfs3_34.txt	100	100	50	50	26968	29982	0.390000
tfs3_35.txt	100	100	50	50	28751	30000	0.550000
tfs3_36.txt	100	100	50	50	28149	29994	1.040000
tfs3_37.txt	100	100	50	50	28733	30000	0.930000
tfs3_38.txt	100	100	50	50	28048	30000	0.870000
tfs3_39.txt	100	100	50	50	28731	30000	0.610000
tfs3_40.txt	100	100	50	50	28299	30000	0.440000
tfs3_41.txt	100	100	50	150	29570	30000	0.550000
tfs3_42.txt	100	100	50	150	29525	30000	0.500000
tfs3_43.txt	100	100	50	150	29866	30000	0.710000
tfs3_44.txt	100	100	50	150	29340	30000	0.390000
tfs3_45.txt	100	100	50	150	29250	30000	0.440000
tfs3_46.txt	100	100	50	150	29847	30000	0.610000
tfs3_47.txt	100	100	50	150	29081	30000	0.990000
tfs3_48.txt	100	100	50	150	29385	30000	0.660000
tfs3_49.txt	100	100	50	150	29250	30000	0.270000
tfs3_50.txt	100	100	50	150	29592	30000	0.660000
tfs3_51.txt	100	100	50	200	29478	30000	0.330000
tfs3_52.txt	100	100	50	200	29027	30000	0.440000
tfs3_53.txt	100	100	50	200	29736	30000	0.550000
tfs3_54.txt	100	100	50	200	29329	30000	0.600000
tfs3_55.txt	100	100	50	200	29430	30000	0.770000
tfs3_56.txt	100	100	50	200	29862	30000	0.490000
tfs3_57.txt	100	100	50	200	29470	30000	0.440000
tfs3_58.txt	100	100	50	200	29532	30000	0.490000
tfs3_59.txt	100	100	50	200	29839	30000	0.550000
tfs3_60.txt	100	100	50	200	29964	30000	0.380000
tfs3_61.txt	100	100	100	100	29531	30000	1.430000
tfs3_62.txt	100	100	100	100	29331	30000	1.160000
tfs3_63.txt	100	100	100	100	29355	30000	1.590000
tfs3_64.txt	100	100	100	100	29532	30000	0.720000
tfs3_65.txt	100	100	100	100	29746	30000	0.710000
tfs3_66.txt	100	100	100	100	29527	30000	1.370000
tfs3_67.txt	100	100	100	100	29278	30000	0.600000
tfs3_68.txt	100	100	100	100	29340	30000	0.600000
tfs3_69.txt	100	100	100	100	29016	30000	0.930000
tfs3_70.txt	100	100	100	100	29452	30000	0.870000
tfs3_71.txt	100	100	100	300	29747	30000	0.880000
tfs3_72.txt	100	100	100	300	29868	30000	0.770000
tfs3_73.txt	100	100	100	300	29958	30000	0.660000
tfs3_74.txt	100	100	100	300	29580	30000	0.770000
tfs3_75.txt	100	100	100	300	29655	30000	0.600000
tfs3_76.txt	100	100	100	300	29964	30000	0.720000
tfs3_77.txt	100	100	100	300	29934	30000	0.660000
tfs3_78.txt	100	100	100	300	29820	30000	0.550000
tfs3_79.txt	100	100	100	300	29852	30000	0.990000
tfs3_80.txt	100	100	100	300	29816	30000	0.770000
tfs3_81.txt	100	100	100	400	30000	30000	0.000000
tfs3_82.txt	100	100	100	400	29883	30000	0.660000
tfs3_83.txt	100	100	100	400	30000	30000	0.000000
tfs3_84.txt	100	100	100	400	29784	30000	0.660000
tfs3_85.txt	100	100	100	400	29856	30000	0.880000
tfs3_86.txt	100	100	100	400	29976	30000	0.550000
tfs3_87.txt	100	100	100	400	29940	30000	0.660000
tfs3_88.txt	100	100	100	400	29932	30000	0.990000
tfs3_89.txt	100	100	100	400	30000	30000	0.600000
tfs3_90.txt	100	100	100	400	29943	30000	0.940000
tfs3_91.txt	100	100	150	150	29440	30000	1.370000
tfs3_92.txt	100	100	150	150	29716	30000	1.480000
tfs3_93.txt	100	100	150	150	29771	30000	0.990000
tfs3_94.txt	100	100	150	150	29539	30000	1.040000
tfs3_95.txt	100	100	150	150	29644	30000	1.040000
tfs3_96.txt	100	100	150	150	29414	30000	1.370000
tfs3_97.txt	100	100	150	150	29652	30000	0.940000
tfs3_98.txt	100	100	150	150	29387	30000	0.490000
tfs3_99.txt	100	100	150	150	29518	30000	0.820000
tfs3_100.txt	100	100	150	150	29597	30000	1.150000
tfs3_101.txt	100	100	150	450	29916	30000	0.880000
tfs3_102.txt	100	100	150	450	29928	30000	0.710000
tfs3_103.txt	100	100	150	450	29838	30000	0.720000
tfs3_104.txt	100	100	150	450	29991	30000	0.770000
tfs3_105.txt	100	100	150	450	29970	30000	0.880000
tfs3_106.txt	100	100	150	450	29898	30000	0.990000
tfs3_107.txt	100	100	150	450	29930	30000	0.880000
tfs3_108.txt	100	100	150	450	30000	30000	0.060000
tfs3_109.txt	100	100	150	450	29871	30000	0.880000
tfs3_110.txt	100	100	150	450	30000	30000	0.000000
tfs3_111.txt	100	100	150	600	29964	30000	0.650000
tfs3_112.txt	100	100	150	600	29811	30000	0.660000
tfs3_113.txt	100	100	150	600	29946	30000	0.610000
tfs3_114.txt	100	100	150	600	29853	30000	0.990000
tfs3_115.txt	100	100	150	600	29994	30000	0.600000
tfs3_116.txt	100	100	150	600	29952	30000	0.880000
tfs3_117.txt	100	100	150	600	29992	30000	0.770000
tfs3_118.txt	100	100	150	600	29940	30000	0.770000
tfs3_119.txt	100	100	150	600	29982	30000	1.100000
tfs3_120.txt	100	100	150	600	29868	30000	0.710000
tfs3_121.txt	100	100	250	250	29778	30000	1.430000
tfs3_122.txt	100	100	250	250	29711	30000	1.370000
tfs3_123.txt	100	100	250	250	29829	30000	1.100000
tfs3_124.txt	100	100	250	250	29740	30000	1.430000
tfs3_125.txt	100	100	250	250	29690	30000	1.200000
tfs3_126.txt	100	100	250	250	29994	30000	1.160000
tfs3_127.txt	100	100	250	250	29904	30000	0.880000
tfs3_128.txt	100	100	250	250	29622	30000	1.210000
tfs3_129.txt	100	100	250	250	29796	30000	1.380000
tfs3_130.txt	100	100	250	250	29951	30000	1.200000
tfs3_131.txt	100	100	250	750	29976	30000	0.820000
tfs3_132.txt	100	100	250	750	30000	30000	0.170000
tfs3_133.txt	100	100	250	750	29930	30000	0.930000
tfs3_134.txt	100	100	250	750	29964	30000	0.990000
tfs3_135.txt	100	100	250	750	30000	30000	0.060000
tfs3_136.txt	100	100	250	750	29954	30000	1.160000
tfs3_137.txt	100	100	250	750	29988	30000	1.320000
tfs3_138.txt	100	100	250	750	29994	30000	0.930000
tfs3_139.txt	100	100	250	750	29913	30000	1.210000
tfs3_140.txt	100	100	250	750	30000	30000	0.160000
tfs3_141.txt	100	100	250	1000	30000	30000	0.000000
tfs3_142.txt	100	100	250	1000	29979	30000	1.100000
tfs3_143.txt	100	100	250	1000	29991	30000	0.980000
tfs3_144.txt	100	100	250	1000	30000	30000	0.160000
tfs3_145.txt	100	100	250	1000	30000	30000	0.550000
tfs3_146.txt	100	100	250	1000	29988	30000	1.270000
tfs3_147.txt	100	100	250	1000	30000	30000	0.000000
tfs3_148.txt	100	100	250	1000	30000	30000	0.000000
tfs3_149.txt	100	100	250	1000	30000	30000	0.490000
tfs3_150.txt	100	100	250	1000	30000	30000	0.220000
tfs3_151.txt	100	100	500	500	29996	30000	1.920000
tfs3_152.txt	100	100	500	500	29957	30000	1.700000
tfs3_153.txt	100	100	500	500	29976	30000	1.710000
tfs3_154.txt	100	100	500	500	29985	30000	1.810000
tfs3_155.txt	100	100	500	500	29895	30000	1.820000
tfs3_156.txt	100	100	500	500	29988	30000	1.810000
tfs3_157.txt	100	100	500	500	29952	30000	1.650000
tfs3_158.txt	100	100	500	500	29964	30000	1.430000
tfs3_159.txt	100	100	500	500	29952	30000	1.540000
tfs3_160.txt	100	100	500	500	29941	30000	1.810000
tfs3_161.txt	100	100	500	1500	30000	30000	0.820000
tfs3_162.txt	100	100	500	1500	29994	30000	1.320000
tfs3_163.txt	100	100	500	1500	30000	30000	0.170000
tfs3_164.txt	100	100	500	1500	30000	30000	0.000000
tfs3_165.txt	100	100	500	1500	30000	30000	0.000000
tfs3_166.txt	100	100	500	1500	30000	30000	0.710000
tfs3_167.txt	100	100	500	1500	29992	30000	1.480000
tfs3_168.txt	100	100	500	1500	30000	30000	0.170000
tfs3_169.txt	100	100	500	1500	30000	30000	0.600000
tfs3_170.txt	100	100	500	1500	30000	30000	0.550000
tfs3_171.txt	100	100	500	2000	30000	30000	0.000000
tfs3_172.txt	100	100	500	2000	30000	30000	0.390000
tfs3_173.txt	100	100	500	2000	29992	30000	1.820000
tfs3_174.txt	100	100	500	2000	30000	30000	0.490000
tfs3_175.txt	100	100	500	2000	29988	30000	1.480000
tfs3_176.txt	100	100	500	2000	30000	30000	0.050000
tfs3_177.txt	100	100	500	2000	30000	30000	0.060000
tfs3_178.txt	100	100	500	2000	30000	30000	0.060000
tfs3_179.txt	100	100	500	2000	30000	30000	0.280000
tfs3_180.txt	100	100	500	2000	30000	30000	0.660000
tfs3_181.txt	100	100	1000	1000	29994	30000	1.980000
tfs3_182.txt	100	100	1000	1000	30000	30000	0.600000
tfs3_183.txt	100	100	1000	1000	30000	30000	0.940000
tfs3_184.txt	100	100	1000	1000	30000	30000	0.490000
tfs3_185.txt	100	100	1000	1000	29976	30000	2.250000
tfs3_186.txt	100	100	1000	1000	30000	30000	0.660000
tfs3_187.txt	100	100	1000	1000	29958	30000	2.470000
tfs3_188.txt	100	100	1000	1000	30000	30000	0.440000
tfs3_189.txt	100	100	1000	1000	30000	30000	0.050000
tfs3_190.txt	100	100	1000	1000	29994	30000	2.250000
tfs3_191.txt	100	100	1000	3000	30000	30000	0.270000
tfs3_192.txt	100	100	1000	3000	29988	30000	3.620000
tfs3_193.txt	100	100	1000	3000	30000	30000	0.500000
tfs3_194.txt	100	100	1000	3000	30000	30000	0.270000
tfs3_195.txt	100	100	1000	3000	30000	30000	0.110000
tfs3_196.txt	100	100	1000	3000	30000	30000	0.490000
tfs3_197.txt	100	100	1000	3000	30000	30000	0.220000
tfs3_198.txt	100	100	1000	3000	30000	30000	0.550000
tfs3_199.txt	100	100	1000	3000	30000	30000	0.660000
tfs3_200.txt	100	100	1000	3000	30000	30000	0.050000
tfs3_201.txt	100	100	1000	4000	30000	30000	0.330000
tfs3_202.txt	100	100	1000	4000	30000	30000	0.760000
tfs3_203.txt	100	100	1000	4000	30000	30000	0.770000
tfs3_204.txt	100	100	1000	4000	30000	30000	0.220000
tfs3_205.txt	100	100	1000	4000	30000	30000	0.110000
tfs3_206.txt	100	100	1000	4000	30000	30000	0.110000
tfs3_207.txt	100	100	1000	4000	30000	30000	0.170000
tfs3_208.txt	100	100	1000	4000	30000	30000	0.110000
tfs3_209.txt	100	100	1000	4000	30000	30000	0.160000
tfs3_210.txt	100	100	1000	4000	30000	30000	0.060000
Leung1.txt	400	200	9	10	80000	80000	0.000000
Leung2.txt	400	200	7	15	79000	79000	0.000000
Leung3.txt	400	400	5	20	149800	160000	0.380000
Leung4.txt	70	80	14	20	5400	5600	0.930000
Leung5.txt	70	80	16	25	5295	5600	1.320000
Leung6.txt	120	45	22	25	5310	5400	1.090000
Leung7.txt	90	45	16	30	3978	4050	0.930000
Leung8.txt	65	45	18	30	2844	2925	1.320000
Leung9.txt	150	110	40	40	15668	16500	8.070000
Leung10.txt	160	120	50	50	18440	19200	11.750000
Reactive con 100
Ap1.txt	10	10	5	10	164	164	0.000000
Ap2.txt	10	10	7	17	230	230	0.000000
Ap3.txt	10	10	10	21	247	247	0.000000
Ap4.txt	15	10	5	7	268	268	0.000000
Ap5.txt	15	10	7	14	358	358	0.000000
Ap6.txt	15	10	10	15	273	289	0.050000
Ap7.txt	20	20	5	8	430	430	0.000000
Ap8.txt	20	20	7	13	831	834	0.060000
Ap9.txt	20	20	10	18	924	924	0.000000
Ap10.txt	30	30	5	13	1452	1452	0.000000
Ap11.txt	30	30	7	15	1688	1688	0.110000
Ap12.txt	30	30	10	22	1851	1865	0.050000
Ap13.txt	30	30	7	7	1178	1178	0.000000
Ap14.txt	30	30	15	15	1270	1270	0.000000
Ap15.txt	70	40	19	42	2667	2726	0.050000
Ap16.txt	40	70	20	62	1820	1860	0.060000
Ap17.txt	100	100	15	50	27589	27718	0.170000
Ap18.txt	100	100	30	30	21976	22502	0.390000
Ap19.txt	100	100	30	30	23743	24019	0.330000
Ap20.txt	100	100	33	61	32893	32893	0.110000
Ap21.txt	100	100	29	97	27923	27923	0.000000
tfs1_1.txt	100	100	40	40	27852	29955	0.160000
tfs1_2.txt	100	100	40	40	28277	30000	0.380000
tfs1_3.txt	100	100	40	40	27849	30000	0.220000
tfs1_4.txt	100	100	40	40	28494	30000	0.270000
tfs1_5.txt	100	100	40	40	28677	30000	0.550000
tfs1_6.txt	100	100	40	40	27686	30000	0.330000
tfs1_7.txt	100	100	40	40	28270	29994	0.660000
tfs1_8.txt	100	100	40	40	27840	30000	0.550000
tfs1_9.txt	100	100	40	40	27871	30000	0.660000
tfs1_10.txt	100	100	40	40	28936	29982	0.220000
tfs1_11.txt	100	100	40	120	28612	30000	0.440000
tfs1_12.txt	100	100	40	120	29400	30000	0.320000
tfs1_13.txt	100	100	40	120	29105	30000	0.330000
tfs1_14.txt	100	100	40	120	28680	30000	0.330000
tfs1_15.txt	100	100	40	120	29464	30000	0.390000
tfs1_16.txt	100	100	40	120	29388	30000	0.110000
tfs1_17.txt	100	100	40	120	27196	30000	0.380000
tfs1_18.txt	100	100	40	120	29394	30000	0.160000
tfs1_19.txt	100	100	40	120	29712	30000	0.490000
tfs1_20.txt	100	100	40	120	29112	30000	0.280000
tfs1_21.txt	100	100	40	160	29700	30000	0.220000
tfs1_22.txt	100	100	40	160	29586	30000	0.280000
tfs1_23.txt	100	100	40	160	29490	30000	0.220000
tfs1_24.txt	100	100	40	160	29240	30000	0.280000
tfs1_25.txt	100	100	40	160	29622	30000	0.220000
tfs1_26.txt	100	100	40	160	28702	30000	0.390000
tfs1_27.txt	100	100	40	160	29676	30000	0.280000
tfs1_28.txt	100	100	40	160	29517	30000	0.440000
tfs1_29.txt	100	100	40	160	29058	30000	0.390000
tfs1_30.txt	100	100	40	160	29296	30000	0.210000
tfs1_31.txt	100	100	50	50	29245	30000	0.440000
tfs1_32.txt	100	100	50	50	28400	29994	0.330000
tfs1_33.txt	100	100	50	50	28824	30000	0.550000
tfs1_34.txt	100	100	50	50	27693	30000	0.660000
tfs1_35.txt	100	100	50	50	28416	30000	0.380000
tfs1_36.txt	100	100	50	50	28580	30000	0.500000
tfs1_37.txt	100	100	50	50	29648	30000	0.220000
tfs1_38.txt	100	100	50	50	28170	30000	0.390000
tfs1_39.txt	100	100	50	50	29514	30000	0.880000
tfs1_40.txt	100	100	50	50	28272	30000	0.220000
tfs1_41.txt	100	100	50	150	29550	30000	0.280000
tfs1_42.txt	100	100	50	150	29800	30000	0.280000
tfs1_43.txt	100	100	50	150	29556	30000	0.330000
tfs1_44.txt	100	100	50	150	29397	30000	0.330000
tfs1_45.txt	100	100	50	150	29541	30000	0.660000
tfs1_46.txt	100	100	50	150	29354	30000	0.280000
tfs1_47.txt	100	100	50	150	29368	30000	0.330000
tfs1_48.txt	100	100	50	150	29370	30000	0.220000
tfs1_49.txt	100	100	50	150	29562	30000	0.280000
tfs1_50.txt	100	100	50	150	29298	30000	0.160000
tfs1_51.txt	100	100	50	200	29874	30000	0.280000
tfs1_52.txt	100	100	50	200	29736	30000	0.220000
tfs1_53.txt	100	100	50	200	29601	30000	0.440000
tfs1_54.txt	100	100	50	200	29880	30000	0.390000
tfs1_55.txt	100	100	50	200	29568	30000	0.390000
tfs1_56.txt	100	100	50	200	29881	30000	0.330000
tfs1_57.txt	100	100	50	200	29032	30000	0.440000
tfs1_58.txt	100	100	50	200	29799	30000	0.270000
tfs1_59.txt	100	100	50	200	29316	30000	0.330000
tfs1_60.txt	100	100	50	200	29266	30000	0.490000
tfs1_61.txt	100	100	100	100	29865	30000	0.720000
tfs1_62.txt	100	100	100	100	29224	30000	0.720000
tfs1_63.txt	100	100	100	100	29699	30000	0.390000
tfs1_64.txt	100	100	100	100	29631	30000	0.660000
tfs1_65.txt	100	100	100	100	29172	30000	0.220000
tfs1_66.txt	100	100	100	100	29558	30000	0.600000
tfs1_67.txt	100	100	100	100	29661	30000	0.600000
tfs1_68.txt	100	100	100	100	29685	30000	0.500000
tfs1_69.txt	100	100	100	100	29523	30000	0.380000
tfs1_70.txt	100	100	100	100	29565	30000	0.330000
tfs1_71.txt	100	100	100	300	29790	30000	0.440000
tfs1_72.txt	100	100	100	300	29709	30000	0.600000
tfs1_73.txt	100	100	100	300	29724	30000	0.600000
tfs1_74.txt	100	100	100	300	29884	30000	1.040000
tfs1_75.txt	100	100	100	300	29727	30000	0.490000
tfs1_76.txt	100	100	100	300	29982	30000	0.600000
tfs1_77.txt	100	100	100	300	29721	30000	1.150000
tfs1_78.txt	100	100	100	300	29985	30000	0.550000
tfs1_79.txt	100	100	100	300	29904	30000	0.500000
tfs1_80.txt	100	100	100	300	29781	30000	0.330000
tfs1_81.txt	100	100	100	400	29985	30000	0.160000
tfs1_82.txt	100	100	100	400	29765	30000	0.550000
tfs1_83.txt	100	100	100	400	29970	30000	0.660000
tfs1_84.txt	100	100	100	400	29877	30000	0.390000
tfs1_85.txt	100	100	100	400	29772	30000	0.610000
tfs1_86.txt	100	100	100	400	30000	30000	0.050000
tfs1_87.txt	100	100	100	400	29700	30000	0.490000
tfs1_88.txt	100	100	100	400	30000	30000	0.000000
tfs1_89.txt	100	100	100	400	29840	30000	0.440000
tfs1_90.txt	100	100	100	400	29805	30000	0.540000
tfs1_91.txt	100	100	150	150	29964	30000	0.380000
tfs1_92.txt	100	100	150	150	29688	30000	0.880000
tfs1_93.txt	100	100	150	150	29428	30000	0.830000
tfs1_94.txt	100	100	150	150	29625	30000	0.610000
tfs1_95.txt	100	100	150	150	29662	30000	1.480000
tfs1_96.txt	100	100	150	150	29462	30000	0.600000
tfs1_97.txt	100	100	150	150	29631	30000	0.610000
tfs1_98.txt	100	100	150	150	29826	30000	0.660000
tfs1_99.txt	100	100	150	150	29862	30000	0.650000
tfs1_100.txt	100	100	150	150	29721	30000	0.720000
tfs1_101.txt	100	100	150	450	30000	30000	0.330000
tfs1_102.txt	100	100	150	450	29982	30000	0.550000
tfs1_103.txt	100	100	150	450	29925	30000	0.830000
tfs1_104.txt	100	100	150	450	29952	30000	0.380000
tfs1_105.txt	100	100	150	450	29928	30000	1.700000
tfs1_106.txt	100	100	150	450	29915	30000	1.370000
tfs1_107.txt	100	100	150	450	29955	30000	0.650000
tfs1_108.txt	100	100	150	450	29946	30000	0.550000
tfs1_109.txt	100	100	150	450	29838	30000	0.380000
tfs1_110.txt	100	100	150	450	29856	30000	0.660000
tfs1_111.txt	100	100	150	600	29958	30000	0.550000
tfs1_112.txt	100	100	150	600	29880	30000	0.600000
tfs1_113.txt	100	100	150	600	29988	30000	0.600000
tfs1_114.txt	100	100	150	600	29852	30000	0.440000
tfs1_115.txt	100	100	150	600	29848	30000	1.980000
tfs1_116.txt	100	100	150	600	29976	30000	0.540000
tfs1_117.txt	100	100	150	600	29816	30000	0.500000
tfs1_118.txt	100	100	150	600	29832	30000	1.490000
tfs1_119.txt	100	100	150	600	30000	30000	0.000000
tfs1_120.txt	100	100	150	600	29868	30000	0.440000
tfs1_121.txt	100	100	250	250	29811	30000	0.990000
tfs1_122.txt	100	100	250	250	29868	30000	1.040000
tfs1_123.txt	100	100	250	250	29839	30000	0.930000
tfs1_124.txt	100	100	250	250	29907	30000	1.100000
tfs1_125.txt	100	100	250	250	29802	30000	0.490000
tfs1_126.txt	100	100	250	250	29761	30000	1.210000
tfs1_127.txt	100	100	250	250	29733	30000	0.660000
tfs1_128.txt	100	100	250	250	29811	30000	2.410000
tfs1_129.txt	100	100	250	250	29790	30000	0.880000
tfs1_130.txt	100	100	250	250	29944	30000	1.150000
tfs1_131.txt	100	100	250	750	29928	30000	1.210000
tfs1_132.txt	100	100	250	750	29964	30000	1.590000
tfs1_133.txt	100	100	250	750	29880	30000	0.940000
tfs1_134.txt	100	100	250	750	30000	30000	0.550000
tfs1_135.txt	100	100	250	750	29952	30000	0.660000
tfs1_136.txt	100	100	250	750	29838	30000	0.830000
tfs1_137.txt	100	100	250	750	29958	30000	1.480000
tfs1_138.txt	100	100	250	750	30000	30000	0.000000
tfs1_139.txt	100	100	250	750	29943	30000	0.720000
tfs1_140.txt	100	100	250	750	29922	30000	0.880000
tfs1_141.txt	100	100	250	1000	30000	30000	0.050000
tfs1_142.txt	100	100	250	1000	29982	30000	0.720000
tfs1_143.txt	100	100	250	1000	29982	30000	0.880000
tfs1_144.txt	100	100	250	1000	30000	30000	0.440000
tfs1_145.txt	100	100	250	1000	29928	30000	1.260000
tfs1_146.txt	100	100	250	1000	29952	30000	0.490000
tfs1_147.txt	100	100	250	1000	30000	30000	0.220000
tfs1_148.txt	100	100	250	1000	30000	30000	0.000000
tfs1_149.txt	100	100	250	1000	29934	30000	0.720000
tfs1_150.txt	100	100	250	1000	30000	30000	0.220000
tfs1_151.txt	100	100	500	500	29869	30000	1.150000
tfs1_152.txt	100	100	500	500	29973	30000	1.160000
tfs1_153.txt	100	100	500	500	29934	30000	1.260000
tfs1_154.txt	100	100	500	500	29973	30000	2.250000
tfs1_155.txt	100	100	500	500	30000	30000	0.060000
tfs1_156.txt	100	100	500	500	29946	30000	1.100000
tfs1_157.txt	100	100	500	500	29979	30000	1.650000
tfs1_158.txt	100	100	500	500	30000	30000	0.330000
tfs1_159.txt	100	100	500	500	29868	30000	3.180000
tfs1_160.txt	100	100	500	500	29970	30000	0.990000
tfs1_161.txt	100	100	500	1500	30000	30000	0.830000
tfs1_162.txt	100	100	500	1500	30000	30000	0.000000
tfs1_163.txt	100	100	500	1500	30000	30000	0.170000
tfs1_164.txt	100	100	500	1500	30000	30000	1.530000
tfs1_165.txt	100	100	500	1500	30000	30000	0.830000
tfs1_166.txt	100	100	500	1500	29988	30000	0.990000
tfs1_167.txt	100	100	500	1500	30000	30000	0.330000
tfs1_168.txt	100	100	500	1500	30000	30000	0.110000
tfs1_169.txt	100	100	500	1500	30000	30000	0.110000
tfs1_170.txt	100	100	500	1500	30000	30000	0.050000
tfs1_171.txt	100	100	500	2000	30000	30000	0.000000
tfs1_172.txt	100	100	500	2000	30000	30000	2.200000
tfs1_173.txt	100	100	500	2000	30000	30000	0.000000
tfs1_174.txt	100	100	500	2000	30000	30000	1.100000
tfs1_175.txt	100	100	500	2000	30000	30000	0.060000
tfs1_176.txt	100	100	500	2000	30000	30000	0.270000
tfs1_177.txt	100	100	500	2000	30000	30000	0.720000
tfs1_178.txt	100	100	500	2000	30000	30000	0.000000
tfs1_179.txt	100	100	500	2000	30000	30000	0.060000
tfs1_180.txt	100	100	500	2000	29979	30000	3.240000
tfs1_181.txt	100	100	1000	1000	29994	30000	1.210000
tfs1_182.txt	100	100	1000	1000	30000	30000	0.050000
tfs1_183.txt	100	100	1000	1000	29996	30000	1.820000
tfs1_184.txt	100	100	1000	1000	29991	30000	2.300000
tfs1_185.txt	100	100	1000	1000	30000	30000	0.610000
tfs1_186.txt	100	100	1000	1000	30000	30000	0.060000
tfs1_187.txt	100	100	1000	1000	29994	30000	1.320000
tfs1_188.txt	100	100	1000	1000	30000	30000	1.040000
tfs1_189.txt	100	100	1000	1000	29970	30000	2.530000
tfs1_190.txt	100	100	1000	1000	29976	30000	2.520000
tfs1_191.txt	100	100	1000	3000	30000	30000	0.110000
tfs1_192.txt	100	100	1000	3000	30000	30000	0.000000
tfs1_193.txt	100	100	1000	3000	30000	30000	0.440000
tfs1_194.txt	100	100	1000	3000	30000	30000	0.000000
tfs1_195.txt	100	100	1000	3000	30000	30000	0.060000
tfs1_196.txt	100	100	1000	3000	30000	30000	0.110000
tfs1_197.txt	100	100	1000	3000	30000	30000	0.160000
tfs1_198.txt	100	100	1000	3000	30000	30000	0.160000
tfs1_199.txt	100	100	1000	3000	30000	30000	0.110000
tfs1_200.txt	100	100	1000	3000	30000	30000	0.060000
tfs1_201.txt	100	100	1000	4000	30000	30000	0.110000
tfs1_202.txt	100	100	1000	4000	30000	30000	0.330000
tfs1_203.txt	100	100	1000	4000	30000	30000	0.060000
tfs1_204.txt	100	100	1000	4000	30000	30000	0.660000
tfs1_205.txt	100	100	1000	4000	30000	30000	3.400000
tfs1_206.txt	100	100	1000	4000	30000	30000	0.110000
tfs1_207.txt	100	100	1000	4000	30000	30000	0.110000
tfs1_208.txt	100	100	1000	4000	30000	30000	0.600000
tfs1_209.txt	100	100	1000	4000	30000	30000	0.000000
tfs1_210.txt	100	100	1000	4000	30000	30000	0.000000
tfs2_1.txt	100	100	40	40	27611	29973	0.610000
tfs2_2.txt	100	100	40	40	27997	29994	0.550000
tfs2_3.txt	100	100	40	40	26842	29994	0.770000
tfs2_4.txt	100	100	40	40	29319	30000	0.550000
tfs2_5.txt	100	100	40	40	26209	29997	0.490000
tfs2_6.txt	100	100	40	40	27056	30000	0.660000
tfs2_7.txt	100	100	40	40	25995	30000	0.390000
tfs2_8.txt	100	100	40	40	26837	29976	0.330000
tfs2_9.txt	100	100	40	40	28146	30000	0.600000
tfs2_10.txt	100	100	40	40	27716	30000	0.330000
tfs2_11.txt	100	100	40	120	29688	30000	0.380000
tfs2_12.txt	100	100	40	120	29316	30000	0.600000
tfs2_13.txt	100	100	40	120	28260	30000	0.550000
tfs2_14.txt	100	100	40	120	29391	30000	0.380000
tfs2_15.txt	100	100	40	120	28455	30000	0.330000
tfs2_16.txt	100	100	40	120	29886	30000	0.390000
tfs2_17.txt	100	100	40	120	29568	30000	0.600000
tfs2_18.txt	100	100	40	120	29511	30000	0.330000
tfs2_19.txt	100	100	40	120	29580	30000	0.440000
tfs2_20.txt	100	100	40	120	29022	30000	0.270000
tfs2_21.txt	100	100	40	160	28794	30000	0.280000
tfs2_22.txt	100	100	40	160	29526	30000	0.270000
tfs2_23.txt	100	100	40	160	29730	30000	0.220000
tfs2_24.txt	100	100	40	160	29712	30000	0.550000
tfs2_25.txt	100	100	40	160	29210	30000	0.490000
tfs2_26.txt	100	100	40	160	28880	30000	0.170000
tfs2_27.txt	100	100	40	160	29013	30000	0.440000
tfs2_28.txt	100	100	40	160	29592	30000	0.440000
tfs2_29.txt	100	100	40	160	29532	30000	1.600000
tfs2_30.txt	100	100	40	160	28824	29994	0.440000
tfs2_31.txt	100	100	50	50	28684	30000	0.710000
tfs2_32.txt	100	100	50	50	28906	30000	0.710000
tfs2_33.txt	100	100	50	50	29262	30000	0.390000
tfs2_34.txt	100	100	50	50	29502	30000	0.330000
tfs2_35.txt	100	100	50	50	26690	29994	0.380000
tfs2_36.txt	100	100	50	50	27896	30000	1.490000
tfs2_37.txt	100	100	50	50	27697	30000	0.710000
tfs2_38.txt	100	100	50	50	28462	29997	0.660000
tfs2_39.txt	100	100	50	50	29050	30000	0.660000
tfs2_40.txt	100	100	50	50	28164	30000	0.600000
tfs2_41.txt	100	100	50	150	29550	30000	0.220000
tfs2_42.txt	100	100	50	150	29912	30000	0.380000
tfs2_43.txt	100	100	50	150	29006	30000	0.440000
tfs2_44.txt	100	100	50	150	29028	30000	0.490000
tfs2_45.txt	100	100	50	150	29032	30000	0.650000
tfs2_46.txt	100	100	50	150	29916	30000	0.270000
tfs2_47.txt	100	100	50	150	29700	30000	0.160000
tfs2_48.txt	100	100	50	150	29715	30000	0.440000
tfs2_49.txt	100	100	50	150	29787	30000	0.440000
tfs2_50.txt	100	100	50	150	29637	30000	0.330000
tfs2_51.txt	100	100	50	200	29628	30000	0.500000
tfs2_52.txt	100	100	50	200	29514	30000	0.320000
tfs2_53.txt	100	100	50	200	29368	30000	0.930000
tfs2_54.txt	100	100	50	200	29581	30000	0.500000
tfs2_55.txt	100	100	50	200	28950	30000	0.440000
tfs2_56.txt	100	100	50	200	29940	30000	0.270000
tfs2_57.txt	100	100	50	200	29488	30000	0.280000
tfs2_58.txt	100	100	50	200	29581	30000	0.380000
tfs2_59.txt	100	100	50	200	29585	30000	0.600000
tfs2_60.txt	100	100	50	200	29520	30000	0.770000
tfs2_61.txt	100	100	100	100	29202	30000	0.880000
tfs2_62.txt	100	100	100	100	29604	30000	1.210000
tfs2_63.txt	100	100	100	100	29847	30000	0.550000
tfs2_64.txt	100	100	100	100	29644	30000	0.500000
tfs2_65.txt	100	100	100	100	29506	30000	0.880000
tfs2_66.txt	100	100	100	100	29425	30000	0.820000
tfs2_67.txt	100	100	100	100	29310	30000	0.770000
tfs2_68.txt	100	100	100	100	29015	30000	1.260000
tfs2_69.txt	100	100	100	100	29583	30000	2.250000
tfs2_70.txt	100	100	100	100	29520	30000	0.280000
tfs2_71.txt	100	100	100	300	30000	30000	0.000000
tfs2_72.txt	100	100	100	300	29964	30000	0.710000
tfs2_73.txt	100	100	100	300	29646	30000	0.390000
tfs2_74.txt	100	100	100	300	29700	30000	0.710000
tfs2_75.txt	100	100	100	300	29736	30000	1.040000
tfs2_76.txt	100	100	100	300	29678	30000	1.100000
tfs2_77.txt	100	100	100	300	29982	30000	0.220000
tfs2_78.txt	100	100	100	300	29760	30000	1.650000
tfs2_79.txt	100	100	100	300	29928	30000	0.770000
tfs2_80.txt	100	100	100	300	29652	30000	0.610000
tfs2_81.txt	100	100	100	400	29895	30000	0.600000
tfs2_82.txt	100	100	100	400	29982	30000	0.930000
tfs2_83.txt	100	100	100	400	29838	30000	0.610000
tfs2_84.txt	100	100	100	400	29740	30000	0.490000
tfs2_85.txt	100	100	100	400	29783	30000	0.720000
tfs2_86.txt	100	100	100	400	29743	30000	0.660000
tfs2_87.txt	100	100	100	400	29928	30000	1.090000
tfs2_88.txt	100	100	100	400	29982	30000	0.440000
tfs2_89.txt	100	100	100	400	29928	30000	0.610000
tfs2_90.txt	100	100	100	400	29700	30000	0.660000
tfs2_91.txt	100	100	150	150	29801	30000	0.770000
tfs2_92.txt	100	100	150	150	29539	30000	0.930000
tfs2_93.txt	100	100	150	150	29934	30000	1.050000
tfs2_94.txt	100	100	150	150	29607	30000	1.100000
tfs2_95.txt	100	100	150	150	29643	30000	0.710000
tfs2_96.txt	100	100	150	150	29589	30000	1.590000
tfs2_97.txt	100	100	150	150	29454	30000	0.990000
tfs2_98.txt	100	100	150	150	29753	30000	0.870000
tfs2_99.txt	100	100	150	150	29718	30000	0.770000
tfs2_100.txt	100	100	150	150	29799	30000	0.880000
tfs2_101.txt	100	100	150	450	29961	30000	0.880000
tfs2_102.txt	100	100	150	450	29864	30000	0.660000
tfs2_103.txt	100	100	150	450	29898	30000	0.660000
tfs2_104.txt	100	100	150	450	29952	30000	0.610000
tfs2_105.txt	100	100	150	450	29766	30000	1.590000
tfs2_106.txt	100	100	150	450	29958	30000	0.600000
tfs2_107.txt	100	100	150	450	30000	30000	0.000000
tfs2_108.txt	100	100	150	450	29901	30000	0.500000
tfs2_109.txt	100	100	150	450	30000	30000	0.390000
tfs2_110.txt	100	100	150	450	29944	30000	0.930000
tfs2_111.txt	100	100	150	600	29856	30000	0.710000
tfs2_112.txt	100	100	150	600	30000	30000	0.550000
tfs2_113.txt	100	100	150	600	30000	30000	0.270000
tfs2_114.txt	100	100	150	600	30000	30000	0.550000
tfs2_115.txt	100	100	150	600	29991	30000	0.600000
tfs2_116.txt	100	100	150	600	29964	30000	0.550000
tfs2_117.txt	100	100	150	600	29973	30000	1.210000
tfs2_118.txt	100	100	150	600	30000	30000	0.110000
tfs2_119.txt	100	100	150	600	29937	30000	0.880000
tfs2_120.txt	100	100	150	600	29976	30000	0.490000
tfs2_121.txt	100	100	250	250	29871	30000	1.090000
tfs2_122.txt	100	100	250	250	29683	30000	1.050000
tfs2_123.txt	100	100	250	250	29637	30000	0.720000
tfs2_124.txt	100	100	250	250	29749	30000	2.690000
tfs2_125.txt	100	100	250	250	29925	30000	1.260000
tfs2_126.txt	100	100	250	250	29644	30000	1.150000
tfs2_127.txt	100	100	250	250	29844	30000	0.770000
tfs2_128.txt	100	100	250	250	29789	30000	1.210000
tfs2_129.txt	100	100	250	250	29988	30000	0.770000
tfs2_130.txt	100	100	250	250	29692	30000	1.210000
tfs2_131.txt	100	100	250	750	29988	30000	0.880000
tfs2_132.txt	100	100	250	750	30000	30000	0.220000
tfs2_133.txt	100	100	250	750	29988	30000	0.980000
tfs2_134.txt	100	100	250	750	30000	30000	0.170000
tfs2_135.txt	100	100	250	750	29982	30000	1.870000
tfs2_136.txt	100	100	250	750	29994	30000	0.710000
tfs2_137.txt	100	100	250	750	30000	30000	0.060000
tfs2_138.txt	100	100	250	750	29952	30000	1.430000
tfs2_139.txt	100	100	250	750	29952	30000	2.300000
tfs2_140.txt	100	100	250	750	29972	30000	0.830000
tfs2_141.txt	100	100	250	1000	30000	30000	0.110000
tfs2_142.txt	100	100	250	1000	30000	30000	0.000000
tfs2_143.txt	100	100	250	1000	30000	30000	0.220000
tfs2_144.txt	100	100	250	1000	29978	30000	1.100000
tfs2_145.txt	100	100	250	1000	29982	30000	1.100000
tfs2_146.txt	100	100	250	1000	29892	30000	0.930000
tfs2_147.txt	100	100	250	1000	30000	30000	0.330000
tfs2_148.txt	100	100	250	1000	29992	30000	1.260000
tfs2_149.txt	100	100	250	1000	30000	30000	0.550000
tfs2_150.txt	100	100	250	1000	29982	30000	1.980000
tfs2_151.txt	100	100	500	500	29980	30000	2.190000
tfs2_152.txt	100	100	500	500	29926	30000	1.430000
tfs2_153.txt	100	100	500	500	29967	30000	1.320000
tfs2_154.txt	100	100	500	500	29964	30000	1.980000
tfs2_155.txt	100	100	500	500	29919	30000	3.510000
tfs2_156.txt	100	100	500	500	29922	30000	1.370000
tfs2_157.txt	100	100	500	500	29976	30000	2.480000
tfs2_158.txt	100	100	500	500	29934	30000	1.640000
tfs2_159.txt	100	100	500	500	29949	30000	2.910000
tfs2_160.txt	100	100	500	500	29955	30000	0.830000
tfs2_161.txt	100	100	500	1500	30000	30000	0.110000
tfs2_162.txt	100	100	500	1500	30000	30000	0.000000
tfs2_163.txt	100	100	500	1500	30000	30000	0.110000
tfs2_164.txt	100	100	500	1500	30000	30000	0.000000
tfs2_165.txt	100	100	500	1500	29994	30000	1.480000
tfs2_166.txt	100	100	500	1500	30000	30000	0.110000
tfs2_167.txt	100	100	500	1500	30000	30000	0.050000
tfs2_168.txt	100	100	500	1500	30000	30000	0.000000
tfs2_169.txt	100	100	500	1500	29973	30000	1.270000
tfs2_170.txt	100	100	500	1500	29994	30000	1.100000
tfs2_171.txt	100	100	500	2000	30000	30000	0.000000
tfs2_172.txt	100	100	500	2000	30000	30000	0.000000
tfs2_173.txt	100	100	500	2000	30000	30000	0.330000
tfs2_174.txt	100	100	500	2000	29994	30000	1.210000
tfs2_175.txt	100	100	500	2000	30000	30000	0.500000
tfs2_176.txt	100	100	500	2000	30000	30000	0.270000
tfs2_177.txt	100	100	500	2000	30000	30000	0.000000
tfs2_178.txt	100	100	500	2000	30000	30000	1.700000
tfs2_179.txt	100	100	500	2000	30000	30000	0.330000
tfs2_180.txt	100	100	500	2000	30000	30000	0.000000
tfs2_181.txt	100	100	1000	1000	29970	30000	1.980000
tfs2_182.txt	100	100	1000	1000	29994	30000	2.970000
tfs2_183.txt	100	100	1000	1000	30000	30000	0.050000
tfs2_184.txt	100	100	1000	1000	29957	30000	5.600000
tfs2_185.txt	100	100	1000	1000	30000	30000	0.060000
tfs2_186.txt	100	100	1000	1000	30000	30000	1.920000
tfs2_187.txt	100	100	1000	1000	29984	30000	1.210000
tfs2_188.txt	100	100	1000	1000	30000	30000	0.110000
tfs2_189.txt	100	100	1000	1000	30000	30000	1.320000
tfs2_190.txt	100	100	1000	1000	30000	30000	0.110000
tfs2_191.txt	100	100	1000	3000	30000	30000	0.160000
tfs2_192.txt	100	100	1000	3000	30000	30000	0.220000
tfs2_193.txt	100	100	1000	3000	30000	30000	0.000000
tfs2_194.txt	100	100	1000	3000	30000	30000	0.050000
tfs2_195.txt	100	100	1000	3000	30000	30000	0.170000
tfs2_196.txt	100	100	1000	3000	30000	30000	0.160000
tfs2_197.txt	100	100	1000	3000	30000	30000	0.060000
tfs2_198.txt	100	100	1000	3000	30000	30000	0.050000
tfs2_199.txt	100	100	1000	3000	30000	30000	0.170000
tfs2_200.txt	100	100	1000	3000	30000	30000	0.110000
tfs2_201.txt	100	100	1000	4000	30000	30000	0.220000
tfs2_202.txt	100	100	1000	4000	30000	30000	0.110000
tfs2_203.txt	100	100	1000	4000	30000	30000	0.330000
tfs2_204.txt	100	100	1000	4000	30000	30000	0.110000
tfs2_205.txt	100	100	1000	4000	30000	30000	0.160000
tfs2_206.txt	100	100	1000	4000	30000	30000	0.050000
tfs2_207.txt	100	100	1000	4000	30000	30000	0.170000
tfs2_208.txt	100	100	1000	4000	30000	30000	0.050000
tfs2_209.txt	100	100	1000	4000	30000	30000	0.170000
tfs2_210.txt	100	100	1000	4000	30000	30000	0.060000
tfs3_1.txt	100	100	40	40	28315	29991	0.880000
tfs3_2.txt	100	100	40	40	27098	29991	1.430000
tfs3_3.txt	100	100	40	40	28800	30000	0.440000
tfs3_4.txt	100	100	40	40	25546	28170	0.990000
tfs3_5.txt	100	100	40	40	27670	30000	0.500000
tfs3_6.txt	100	100	40	40	28821	30000	1.040000
tfs3_7.txt	100	100	40	40	28543	30000	0.380000
tfs3_8.txt	100	100	40	40	28329	30000	0.770000
tfs3_9.txt	100	100	40	40	26549	30000	0.330000
tfs3_10.txt	100	100	40	40	25959	29991	0.440000
tfs3_11.txt	100	100	40	120	29640	30000	0.380000
tfs3_12.txt	100	100	40	120	29646	30000	0.550000
tfs3_13.txt	100	100	40	120	29736	30000	0.270000
tfs3_14.txt	100	100	40	120	29385	30000	0.440000
tfs3_15.txt	100	100	40	120	29192	30000	0.610000
tfs3_16.txt	100	100	40	120	29142	30000	0.660000
tfs3_17.txt	100	100	40	120	29340	30000	0.550000
tfs3_18.txt	100	100	40	120	29436	30000	0.660000
tfs3_19.txt	100	100	40	120	29928	30000	0.270000
tfs3_20.txt	100	100	40	120	29400	30000	0.380000
tfs3_21.txt	100	100	40	160	29241	30000	0.330000
tfs3_22.txt	100	100	40	160	29130	30000	0.500000
tfs3_23.txt	100	100	40	160	29541	30000	0.660000
tfs3_24.txt	100	100	40	160	29700	30000	0.220000
tfs3_25.txt	100	100	40	160	29680	30000	0.440000
tfs3_26.txt	100	100	40	160	29184	30000	0.440000
tfs3_27.txt	100	100	40	160	29664	30000	0.440000
tfs3_28.txt	100	100	40	160	29274	30000	0.380000
tfs3_29.txt	100	100	40	160	29362	30000	0.880000
tfs3_30.txt	100	100	40	160	29822	30000	0.610000
tfs3_31.txt	100	100	50	50	28941	30000	0.650000
tfs3_32.txt	100	100	50	50	29415	30000	0.330000
tfs3_33.txt	100	100	50	50	28694	30000	0.830000
tfs3_34.txt	100	100	50	50	26968	29982	0.550000
tfs3_35.txt	100	100	50	50	28751	30000	0.330000
tfs3_36.txt	100	100	50	50	28149	29994	1.090000
tfs3_37.txt	100	100	50	50	28671	30000	0.940000
tfs3_38.txt	100	100	50	50	28056	30000	0.720000
tfs3_39.txt	100	100	50	50	28731	30000	0.660000
tfs3_40.txt	100	100	50	50	28047	30000	0.490000
tfs3_41.txt	100	100	50	150	29638	30000	0.490000
tfs3_42.txt	100	100	50	150	29552	30000	0.820000
tfs3_43.txt	100	100	50	150	29848	30000	0.770000
tfs3_44.txt	100	100	50	150	29412	30000	0.390000
tfs3_45.txt	100	100	50	150	29275	30000	0.490000
tfs3_46.txt	100	100	50	150	29847	30000	0.880000
tfs3_47.txt	100	100	50	150	29115	30000	0.880000
tfs3_48.txt	100	100	50	150	29393	30000	0.610000
tfs3_49.txt	100	100	50	150	29250	30000	0.220000
tfs3_50.txt	100	100	50	150	29592	30000	0.820000
tfs3_51.txt	100	100	50	200	29754	30000	0.220000
tfs3_52.txt	100	100	50	200	29027	30000	0.380000
tfs3_53.txt	100	100	50	200	29682	30000	0.610000
tfs3_54.txt	100	100	50	200	29671	30000	0.710000
tfs3_55.txt	100	100	50	200	29494	30000	0.990000
tfs3_56.txt	100	100	50	200	29862	30000	0.440000
tfs3_57.txt	100	100	50	200	29470	30000	0.440000
tfs3_58.txt	100	100	50	200	29532	30000	0.440000
tfs3_59.txt	100	100	50	200	29839	30000	0.490000
tfs3_60.txt	100	100	50	200	29964	30000	0.390000
tfs3_61.txt	100	100	100	100	29600	30000	1.420000
tfs3_62.txt	100	100	100	100	29352	30000	1.430000
tfs3_63.txt	100	100	100	100	29362	30000	1.480000
tfs3_64.txt	100	100	100	100	29454	30000	1.050000
tfs3_65.txt	100	100	100	100	29746	30000	0.660000
tfs3_66.txt	100	100	100	100	29509	30000	1.650000
tfs3_67.txt	100	100	100	100	29278	30000	1.100000
tfs3_68.txt	100	100	100	100	29340	30000	0.440000
tfs3_69.txt	100	100	100	100	29127	30000	1.100000
tfs3_70.txt	100	100	100	100	29448	30000	0.880000
tfs3_71.txt	100	100	100	300	29747	30000	0.720000
tfs3_72.txt	100	100	100	300	29868	30000	1.760000
tfs3_73.txt	100	100	100	300	29958	30000	0.320000
tfs3_74.txt	100	100	100	300	29583	30000	0.600000
tfs3_75.txt	100	100	100	300	29655	30000	0.550000
tfs3_76.txt	100	100	100	300	29964	30000	0.710000
tfs3_77.txt	100	100	100	300	29934	30000	0.660000
tfs3_78.txt	100	100	100	300	29820	30000	0.540000
tfs3_79.txt	100	100	100	300	29852	30000	0.990000
tfs3_80.txt	100	100	100	300	29798	30000	0.600000
tfs3_81.txt	100	100	100	400	30000	30000	0.000000
tfs3_82.txt	100	100	100	400	29883	30000	0.660000
tfs3_83.txt	100	100	100	400	30000	30000	0.000000
tfs3_84.txt	100	100	100	400	29784	30000	0.820000
tfs3_85.txt	100	100	100	400	29892	30000	0.990000
tfs3_86.txt	100	100	100	400	29976	30000	0.660000
tfs3_87.txt	100	100	100	400	29940	30000	0.660000
tfs3_88.txt	100	100	100	400	29877	30000	2.030000
tfs3_89.txt	100	100	100	400	29994	30000	1.150000
tfs3_90.txt	100	100	100	400	29976	30000	0.880000
tfs3_91.txt	100	100	150	150	29440	30000	1.590000
tfs3_92.txt	100	100	150	150	29762	30000	1.320000
tfs3_93.txt	100	100	150	150	29771	30000	1.860000
tfs3_94.txt	100	100	150	150	29601	30000	1.760000
tfs3_95.txt	100	100	150	150	29538	30000	2.410000
tfs3_96.txt	100	100	150	150	29360	30000	1.370000
tfs3_97.txt	100	100	150	150	29652	30000	1.100000
tfs3_98.txt	100	100	150	150	29387	30000	0.930000
tfs3_99.txt	100	100	150	150	29629	30000	1.050000
tfs3_100.txt	100	100	150	150	29597	30000	1.040000
tfs3_101.txt	100	100	150	450	29916	30000	0.990000
tfs3_102.txt	100	100	150	450	30000	30000	0.270000
tfs3_103.txt	100	100	150	450	29862	30000	0.830000
tfs3_104.txt	100	100	150	450	29991	30000	0.650000
tfs3_105.txt	100	100	150	450	29970	30000	2.310000
tfs3_106.txt	100	100	150	450	29898	30000	1.150000
tfs3_107.txt	100	100	150	450	29948	30000	0.820000
tfs3_108.txt	100	100	150	450	30000	30000	0.110000
tfs3_109.txt	100	100	150	450	29853	30000	1.050000
tfs3_110.txt	100	100	150	450	30000	30000	0.000000
tfs3_111.txt	100	100	150	600	29910	30000	0.550000
tfs3_112.txt	100	100	150	600	29811	30000	0.600000
tfs3_113.txt	100	100	150	600	29946	30000	0.600000
tfs3_114.txt	100	100	150	600	29832	30000	1.370000
tfs3_115.txt	100	100	150	600	29994	30000	0.550000
tfs3_116.txt	100	100	150	600	29952	30000	0.880000
tfs3_117.txt	100	100	150	600	29992	30000	0.660000
tfs3_118.txt	100	100	150	600	30000	30000	0.170000
tfs3_119.txt	100	100	150	600	29988	30000	1.370000
tfs3_120.txt	100	100	150	600	29868	30000	2.090000
tfs3_121.txt	100	100	250	250	29778	30000	1.870000
tfs3_122.txt	100	100	250	250	29760	30000	1.700000
tfs3_123.txt	100	100	250	250	29829	30000	1.860000
tfs3_124.txt	100	100	250	250	29740	30000	1.600000
tfs3_125.txt	100	100	250	250	29690	30000	3.070000
tfs3_126.txt	100	100	250	250	29994	30000	1.210000
tfs3_127.txt	100	100	250	250	29904	30000	0.870000
tfs3_128.txt	100	100	250	250	29616	30000	1.430000
tfs3_129.txt	100	100	250	250	29796	30000	1.700000
tfs3_130.txt	100	100	250	250	29951	30000	1.480000
tfs3_131.txt	100	100	250	750	29976	30000	0.720000
tfs3_132.txt	100	100	250	750	30000	30000	0.160000
tfs3_133.txt	100	100	250	750	29930	30000	0.930000
tfs3_134.txt	100	100	250	750	29946	30000	1.040000
tfs3_135.txt	100	100	250	750	30000	30000	0.060000
tfs3_136.txt	100	100	250	750	29954	30000	1.320000
tfs3_137.txt	100	100	250	750	29970	30000	1.200000
tfs3_138.txt	100	100	250	750	29994	30000	0.830000
tfs3_139.txt	100	100	250	750	29949	30000	1.370000
tfs3_140.txt	100	100	250	750	30000	30000	0.160000
tfs3_141.txt	100	100	250	1000	30000	30000	0.000000
tfs3_142.txt	100	100	250	1000	29979	30000	1.050000
tfs3_143.txt	100	100	250	1000	29991	30000	0.820000
tfs3_144.txt	100	100	250	1000	30000	30000	0.170000
tfs3_145.txt	100	100	250	1000	29988	30000	1.810000
tfs3_146.txt	100	100	250	1000	30000	30000	0.600000
tfs3_147.txt	100	100	250	1000	30000	30000	0.000000
tfs3_148.txt	100	100	250	1000	30000	30000	0.000000
tfs3_149.txt	100	100	250	1000	30000	30000	0.390000
tfs3_150.txt	100	100	250	1000	29988	30000	2.800000
tfs3_151.txt	100	100	500	500	29996	30000	1.710000
tfs3_152.txt	100	100	500	500	29972	30000	1.750000
tfs3_153.txt	100	100	500	500	29928	30000	1.980000
tfs3_154.txt	100	100	500	500	29985	30000	1.980000
tfs3_155.txt	100	100	500	500	29895	30000	2.250000
tfs3_156.txt	100	100	500	500	29964	30000	5.270000
tfs3_157.txt	100	100	500	500	29925	30000	1.590000
tfs3_158.txt	100	100	500	500	29946	30000	4.230000
tfs3_159.txt	100	100	500	500	29940	30000	1.380000
tfs3_160.txt	100	100	500	500	29941	30000	2.250000
tfs3_161.txt	100	100	500	1500	30000	30000	0.830000
tfs3_162.txt	100	100	500	1500	29994	30000	2.080000
tfs3_163.txt	100	100	500	1500	30000	30000	0.160000
tfs3_164.txt	100	100	500	1500	30000	30000	0.000000
tfs3_165.txt	100	100	500	1500	30000	30000	0.000000
tfs3_166.txt	100	100	500	1500	29996	30000	3.630000
tfs3_167.txt	100	100	500	1500	30000	30000	1.100000
tfs3_168.txt	100	100	500	1500	30000	30000	0.220000
tfs3_169.txt	100	100	500	1500	29976	30000	1.870000
tfs3_170.txt	100	100	500	1500	30000	30000	0.270000
tfs3_171.txt	100	100	500	2000	30000	30000	0.000000
tfs3_172.txt	100	100	500	2000	30000	30000	0.280000
tfs3_173.txt	100	100	500	2000	29994	30000	1.210000
tfs3_174.txt	100	100	500	2000	29982	30000	3.350000
tfs3_175.txt	100	100	500	2000	29988	30000	2.910000
tfs3_176.txt	100	100	500	2000	30000	30000	0.050000
tfs3_177.txt	100	100	500	2000	30000	30000	0.000000
tfs3_178.txt	100	100	500	2000	30000	30000	0.000000
tfs3_179.txt	100	100	500	2000	30000	30000	0.050000
tfs3_180.txt	100	100	500	2000	30000	30000	0.490000
tfs3_181.txt	100	100	1000	1000	29994	30000	1.590000
tfs3_182.txt	100	100	1000	1000	30000	30000	1.810000
tfs3_183.txt	100	100	1000	1000	30000	30000	0.720000
tfs3_184.txt	100	100	1000	1000	29984	30000	7.800000
tfs3_185.txt	100	100	1000	1000	29953	30000	2.140000
tfs3_186.txt	100	100	1000	1000	30000	30000	1.540000
tfs3_187.txt	100	100	1000	1000	30000	30000	1.970000
tfs3_188.txt	100	100	1000	1000	29979	30000	3.240000
tfs3_189.txt	100	100	1000	1000	30000	30000	0.060000
tfs3_190.txt	100	100	1000	1000	29985	30000	3.460000
tfs3_191.txt	100	100	1000	3000	30000	30000	0.160000
tfs3_192.txt	100	100	1000	3000	29982	30000	4.890000
tfs3_193.txt	100	100	1000	3000	30000	30000	0.270000
tfs3_194.txt	100	100	1000	3000	29988	30000	3.410000
tfs3_195.txt	100	100	1000	3000	30000	30000	0.000000
tfs3_196.txt	100	100	1000	3000	30000	30000	0.170000
tfs3_197.txt	100	100	1000	3000	30000	30000	0.170000
tfs3_198.txt	100	100	1000	3000	30000	30000	0.270000
tfs3_199.txt	100	100	1000	3000	30000	30000	0.490000
tfs3_200.txt	100	100	1000	3000	30000	30000	0.050000
tfs3_201.txt	100	100	1000	4000	30000	30000	0.600000
tfs3_202.txt	100	100	1000	4000	30000	30000	1.050000
tfs3_203.txt	100	100	1000	4000	29994	30000	6.750000
tfs3_204.txt	100	100	1000	4000	30000	30000	0.220000
tfs3_205.txt	100	100	1000	4000	30000	30000	0.110000
tfs3_206.txt	100	100	1000	4000	30000	30000	0.110000
tfs3_207.txt	100	100	1000	4000	30000	30000	0.160000
tfs3_208.txt	100	100	1000	4000	30000	30000	0.110000
tfs3_209.txt	100	100	1000	4000	30000	30000	0.170000
tfs3_210.txt	100	100	1000	4000	30000	30000	0.050000
Leung1.txt	400	200	9	10	80000	80000	0.000000
Leung2.txt	400	200	7	15	79000	79000	0.000000
Leung3.txt	400	400	5	20	149800	160000	0.380000
Leung4.txt	70	80	14	20	5290	5600	0.990000
Leung5.txt	70	80	16	25	5395	5600	1.380000
Leung6.txt	120	45	22	25	5400	5400	1.100000
Leung7.txt	90	45	16	30	3942	4050	0.930000
Leung8.txt	65	45	18	30	2823	2925	1.320000
Leung9.txt	150	110	40	40	15672	16500	7.960000
Leung10.txt	160	120	50	50	18408	19200	11.760000
Reactive con 5
Ap1.txt	10	10	5	10	164	164	0.000000
Ap2.txt	10	10	7	17	230	230	0.000000
Ap3.txt	10	10	10	21	247	247	0.000000
Ap4.txt	15	10	5	7	268	268	0.000000
Ap5.txt	15	10	7	14	358	358	0.000000
Ap6.txt	15	10	10	15	283	289	0.110000
Ap7.txt	20	20	5	8	430	430	0.000000
Ap8.txt	20	20	7	13	831	834	0.060000
Ap9.txt	20	20	10	18	924	924	0.050000
Ap10.txt	30	30	5	13	1452	1452	0.000000
Ap11.txt	30	30	7	15	1688	1688	0.000000
Ap12.txt	30	30	10	22	1865	1865	0.000000
Ap13.txt	30	30	7	7	1178	1178	0.000000
Ap14.txt	30	30	15	15	1270	1270	0.000000
Ap15.txt	70	40	19	42	2726	2726	0.000000
Ap16.txt	40	70	20	62	1800	1860	0.050000
Ap17.txt	100	100	15	50	27589	27718	0.220000
Ap18.txt	100	100	30	30	21976	22502	0.380000
Ap19.txt	100	100	30	30	23743	24019	0.330000
Ap20.txt	100	100	33	61	32893	32893	0.060000
Ap21.txt	100	100	29	97	27923	27923	0.000000
tfs1_1.txt	100	100	40	40	27852	29955	0.160000
tfs1_2.txt	100	100	40	40	28277	30000	0.390000
tfs1_3.txt	100	100	40	40	27849	30000	0.220000
tfs1_4.txt	100	100	40	40	28494	30000	0.270000
tfs1_5.txt	100	100	40	40	28677	30000	0.330000
tfs1_6.txt	100	100	40	40	27686	30000	0.330000
tfs1_7.txt	100	100	40	40	28270	29994	0.600000
tfs1_8.txt	100	100	40	40	27780	30000	0.600000
tfs1_9.txt	100	100	40	40	28015	30000	0.600000
tfs1_10.txt	100	100	40	40	28936	29982	0.270000
tfs1_11.txt	100	100	40	120	28596	30000	0.380000
tfs1_12.txt	100	100	40	120	29077	30000	0.330000
tfs1_13.txt	100	100	40	120	29105	30000	0.380000
tfs1_14.txt	100	100	40	120	28218	30000	0.330000
tfs1_15.txt	100	100	40	120	29496	30000	0.380000
tfs1_16.txt	100	100	40	120	28956	30000	0.160000
tfs1_17.txt	100	100	40	120	27996	30000	0.390000
tfs1_18.txt	100	100	40	120	29408	30000	0.270000
tfs1_19.txt	100	100	40	120	29712	30000	0.490000
tfs1_20.txt	100	100	40	120	29112	30000	0.220000
tfs1_21.txt	100	100	40	160	29700	30000	0.170000
tfs1_22.txt	100	100	40	160	29586	30000	0.270000
tfs1_23.txt	100	100	40	160	29490	30000	0.330000
tfs1_24.txt	100	100	40	160	29240	30000	0.220000
tfs1_25.txt	100	100	40	160	29622	30000	0.330000
tfs1_26.txt	100	100	40	160	28737	30000	0.380000
tfs1_27.txt	100	100	40	160	29676	30000	0.280000
tfs1_28.txt	100	100	40	160	29517	30000	0.550000
tfs1_29.txt	100	100	40	160	29058	30000	0.220000
tfs1_30.txt	100	100	40	160	29296	30000	0.220000
tfs1_31.txt	100	100	50	50	29245	30000	0.490000
tfs1_32.txt	100	100	50	50	28400	29994	0.220000
tfs1_33.txt	100	100	50	50	28824	30000	0.610000
tfs1_34.txt	100	100	50	50	27423	30000	0.660000
tfs1_35.txt	100	100	50	50	28356	30000	0.390000
tfs1_36.txt	100	100	50	50	28580	30000	0.440000
tfs1_37.txt	100	100	50	50	29648	30000	0.170000
tfs1_38.txt	100	100	50	50	28170	30000	0.380000
tfs1_39.txt	100	100	50	50	29514	30000	0.770000
tfs1_40.txt	100	100	50	50	28257	30000	0.220000
tfs1_41.txt	100	100	50	150	29550	30000	0.390000
tfs1_42.txt	100	100	50	150	29800	30000	0.770000
tfs1_43.txt	100	100	50	150	29556	30000	0.540000
tfs1_44.txt	100	100	50	150	29397	30000	0.380000
tfs1_45.txt	100	100	50	150	29271	30000	0.500000
tfs1_46.txt	100	100	50	150	29362	30000	0.660000
tfs1_47.txt	100	100	50	150	29368	30000	0.710000
tfs1_48.txt	100	100	50	150	29370	30000	0.380000
tfs1_49.txt	100	100	50	150	29460	30000	0.330000
tfs1_50.txt	100	100	50	150	29298	30000	0.490000
tfs1_51.txt	100	100	50	200	29874	30000	0.330000
tfs1_52.txt	100	100	50	200	29760	30000	0.330000
tfs1_53.txt	100	100	50	200	29601	30000	0.440000
tfs1_54.txt	100	100	50	200	29928	30000	0.710000
tfs1_55.txt	100	100	50	200	29592	30000	0.550000
tfs1_56.txt	100	100	50	200	29881	30000	0.550000
tfs1_57.txt	100	100	50	200	28952	30000	0.610000
tfs1_58.txt	100	100	50	200	29799	30000	0.270000
tfs1_59.txt	100	100	50	200	29502	30000	0.380000
tfs1_60.txt	100	100	50	200	29266	30000	0.500000
tfs1_61.txt	100	100	100	100	29865	30000	0.770000
tfs1_62.txt	100	100	100	100	29224	30000	0.820000
tfs1_63.txt	100	100	100	100	29699	30000	0.500000
tfs1_64.txt	100	100	100	100	29622	30000	0.660000
tfs1_65.txt	100	100	100	100	29172	30000	0.330000
tfs1_66.txt	100	100	100	100	29192	30000	0.660000
tfs1_67.txt	100	100	100	100	29661	30000	0.660000
tfs1_68.txt	100	100	100	100	29685	30000	0.600000
tfs1_69.txt	100	100	100	100	29523	30000	0.430000
tfs1_70.txt	100	100	100	100	29565	30000	0.440000
tfs1_71.txt	100	100	100	300	29916	30000	0.440000
tfs1_72.txt	100	100	100	300	29709	30000	1.210000
tfs1_73.txt	100	100	100	300	29778	30000	0.500000
tfs1_74.txt	100	100	100	300	29884	30000	0.660000
tfs1_75.txt	100	100	100	300	29745	30000	0.440000
tfs1_76.txt	100	100	100	300	29982	30000	0.710000
tfs1_77.txt	100	100	100	300	29721	30000	0.660000
tfs1_78.txt	100	100	100	300	29868	30000	0.600000
tfs1_79.txt	100	100	100	300	29904	30000	0.500000
tfs1_80.txt	100	100	100	300	29781	30000	0.440000
tfs1_81.txt	100	100	100	400	29985	30000	0.220000
tfs1_82.txt	100	100	100	400	29765	30000	0.610000
tfs1_83.txt	100	100	100	400	29970	30000	0.490000
tfs1_84.txt	100	100	100	400	29877	30000	0.380000
tfs1_85.txt	100	100	100	400	29772	30000	0.550000
tfs1_86.txt	100	100	100	400	30000	30000	0.050000
tfs1_87.txt	100	100	100	400	29700	30000	0.550000
tfs1_88.txt	100	100	100	400	30000	30000	0.000000
tfs1_89.txt	100	100	100	400	29840	30000	0.550000
tfs1_90.txt	100	100	100	400	29856	30000	0.550000
tfs1_91.txt	100	100	150	150	29964	30000	0.490000
tfs1_92.txt	100	100	150	150	29688	30000	0.830000
tfs1_93.txt	100	100	150	150	29459	30000	0.980000
tfs1_94.txt	100	100	150	150	29625	30000	0.770000
tfs1_95.txt	100	100	150	150	29719	30000	1.320000
tfs1_96.txt	100	100	150	150	29438	30000	0.770000
tfs1_97.txt	100	100	150	150	29631	30000	0.770000
tfs1_98.txt	100	100	150	150	29826	30000	0.600000
tfs1_99.txt	100	100	150	150	29862	30000	0.660000
tfs1_100.txt	100	100	150	150	29721	30000	0.770000
tfs1_101.txt	100	100	150	450	30000	30000	0.170000
tfs1_102.txt	100	100	150	450	29982	30000	0.600000
tfs1_103.txt	100	100	150	450	29922	30000	0.710000
tfs1_104.txt	100	100	150	450	29952	30000	0.490000
tfs1_105.txt	100	100	150	450	29982	30000	0.770000
tfs1_106.txt	100	100	150	450	29922	30000	0.870000
tfs1_107.txt	100	100	150	450	29955	30000	0.660000
tfs1_108.txt	100	100	150	450	29946	30000	0.550000
tfs1_109.txt	100	100	150	450	29871	30000	0.380000
tfs1_110.txt	100	100	150	450	29858	30000	0.550000
tfs1_111.txt	100	100	150	600	29958	30000	0.710000
tfs1_112.txt	100	100	150	600	29880	30000	0.440000
tfs1_113.txt	100	100	150	600	29979	30000	0.720000
tfs1_114.txt	100	100	150	600	29886	30000	0.490000
tfs1_115.txt	100	100	150	600	29916	30000	0.770000
tfs1_116.txt	100	100	150	600	29976	30000	0.710000
tfs1_117.txt	100	100	150	600	29816	30000	0.660000
tfs1_118.txt	100	100	150	600	29832	30000	0.820000
tfs1_119.txt	100	100	150	600	30000	30000	0.000000
tfs1_120.txt	100	100	150	600	29868	30000	0.660000
tfs1_121.txt	100	100	250	250	29811	30000	1.150000
tfs1_122.txt	100	100	250	250	29862	30000	0.930000
tfs1_123.txt	100	100	250	250	29860	30000	1.100000
tfs1_124.txt	100	100	250	250	29745	30000	0.820000
tfs1_125.txt	100	100	250	250	29802	30000	0.610000
tfs1_126.txt	100	100	250	250	29761	30000	1.260000
tfs1_127.txt	100	100	250	250	29733	30000	0.880000
tfs1_128.txt	100	100	250	250	29811	30000	1.090000
tfs1_129.txt	100	100	250	250	29790	30000	0.940000
tfs1_130.txt	100	100	250	250	29944	30000	1.210000
tfs1_131.txt	100	100	250	750	29970	30000	0.820000
tfs1_132.txt	100	100	250	750	29964	30000	0.880000
tfs1_133.txt	100	100	250	750	29924	30000	0.930000
tfs1_134.txt	100	100	250	750	30000	30000	0.270000
tfs1_135.txt	100	100	250	750	29952	30000	0.600000
tfs1_136.txt	100	100	250	750	29844	30000	0.880000
tfs1_137.txt	100	100	250	750	29958	30000	0.990000
tfs1_138.txt	100	100	250	750	30000	30000	0.000000
tfs1_139.txt	100	100	250	750	29924	30000	0.770000
tfs1_140.txt	100	100	250	750	29883	30000	0.710000
tfs1_141.txt	100	100	250	1000	30000	30000	0.050000
tfs1_142.txt	100	100	250	1000	29982	30000	0.710000
tfs1_143.txt	100	100	250	1000	29982	30000	0.710000
tfs1_144.txt	100	100	250	1000	29988	30000	0.990000
tfs1_145.txt	100	100	250	1000	29928	30000	0.990000
tfs1_146.txt	100	100	250	1000	29952	30000	0.830000
tfs1_147.txt	100	100	250	1000	30000	30000	0.160000
tfs1_148.txt	100	100	250	1000	30000	30000	0.000000
tfs1_149.txt	100	100	250	1000	29934	30000	0.720000
tfs1_150.txt	100	100	250	1000	30000	30000	0.650000
tfs1_151.txt	100	100	500	500	29855	30000	1.150000
tfs1_152.txt	100	100	500	500	29982	30000	1.160000
tfs1_153.txt	100	100	500	500	29934	30000	1.370000
tfs1_154.txt	100	100	500	500	29973	30000	1.150000
tfs1_155.txt	100	100	500	500	30000	30000	0.050000
tfs1_156.txt	100	100	500	500	29946	30000	1.260000
tfs1_157.txt	100	100	500	500	29991	30000	1.370000
tfs1_158.txt	100	100	500	500	30000	30000	0.990000
tfs1_159.txt	100	100	500	500	29946	30000	1.150000
tfs1_160.txt	100	100	500	500	29988	30000	1.100000
tfs1_161.txt	100	100	500	1500	29976	30000	1.430000
tfs1_162.txt	100	100	500	1500	30000	30000	0.050000
tfs1_163.txt	100	100	500	1500	30000	30000	0.220000
tfs1_164.txt	100	100	500	1500	30000	30000	1.920000
tfs1_165.txt	100	100	500	1500	30000	30000	0.660000
tfs1_166.txt	100	100	500	1500	30000	30000	0.490000
tfs1_167.txt	100	100	500	1500	30000	30000	0.160000
tfs1_168.txt	100	100	500	1500	30000	30000	0.170000
tfs1_169.txt	100	100	500	1500	30000	30000	0.550000
tfs1_170.txt	100	100	500	1500	30000	30000	0.110000
tfs1_171.txt	100	100	500	2000	30000	30000	0.000000
tfs1_172.txt	100	100	500	2000	30000	30000	0.380000
tfs1_173.txt	100	100	500	2000	30000	30000	0.060000
tfs1_174.txt	100	100	500	2000	30000	30000	0.600000
tfs1_175.txt	100	100	500	2000	30000	30000	0.280000
tfs1_176.txt	100	100	500	2000	30000	30000	2.140000
tfs1_177.txt	100	100	500	2000	30000	30000	0.720000
tfs1_178.txt	100	100	500	2000	30000	30000	0.050000
tfs1_179.txt	100	100	500	2000	30000	30000	0.050000
tfs1_180.txt	100	100	500	2000	30000	30000	0.820000
tfs1_181.txt	100	100	1000	1000	29994	30000	6.150000
tfs1_182.txt	100	100	1000	1000	30000	30000	0.110000
tfs1_183.txt	100	100	1000	1000	29996	30000	5.390000
tfs1_184.txt	100	100	1000	1000	30000	30000	1.760000
tfs1_185.txt	100	100	1000	1000	29982	30000	5.550000
tfs1_186.txt	100	100	1000	1000	30000	30000	0.110000
tfs1_187.txt	100	100	1000	1000	30000	30000	2.150000
tfs1_188.txt	100	100	1000	1000	30000	30000	0.720000
tfs1_189.txt	100	100	1000	1000	29963	30000	3.850000
tfs1_190.txt	100	100	1000	1000	29994	30000	4.560000
tfs1_191.txt	100	100	1000	3000	30000	30000	3.130000
tfs1_192.txt	100	100	1000	3000	30000	30000	1.150000
tfs1_193.txt	100	100	1000	3000	30000	30000	0.930000
tfs1_194.txt	100	100	1000	3000	30000	30000	0.050000
tfs1_195.txt	100	100	1000	3000	30000	30000	0.170000
tfs1_196.txt	100	100	1000	3000	30000	30000	0.170000
tfs1_197.txt	100	100	1000	3000	30000	30000	0.220000
tfs1_198.txt	100	100	1000	3000	30000	30000	0.220000
tfs1_199.txt	100	100	1000	3000	30000	30000	0.170000
tfs1_200.txt	100	100	1000	3000	30000	30000	0.110000
tfs1_201.txt	100	100	1000	4000	30000	30000	0.110000
tfs1_202.txt	100	100	1000	4000	30000	30000	0.380000
tfs1_203.txt	100	100	1000	4000	30000	30000	0.060000
tfs1_204.txt	100	100	1000	4000	30000	30000	0.500000
tfs1_205.txt	100	100	1000	4000	30000	30000	0.770000
tfs1_206.txt	100	100	1000	4000	30000	30000	0.170000
tfs1_207.txt	100	100	1000	4000	30000	30000	0.170000
tfs1_208.txt	100	100	1000	4000	30000	30000	1.650000
tfs1_209.txt	100	100	1000	4000	30000	30000	0.000000
tfs1_210.txt	100	100	1000	4000	30000	30000	0.000000
tfs2_1.txt	100	100	40	40	27525	29973	0.490000
tfs2_2.txt	100	100	40	40	27997	29994	0.440000
tfs2_3.txt	100	100	40	40	26842	29994	0.880000
tfs2_4.txt	100	100	40	40	29319	30000	0.550000
tfs2_5.txt	100	100	40	40	26519	29997	0.720000
tfs2_6.txt	100	100	40	40	27056	30000	0.930000
tfs2_7.txt	100	100	40	40	27316	30000	0.600000
tfs2_8.txt	100	100	40	40	26837	29976	0.440000
tfs2_9.txt	100	100	40	40	28146	30000	1.150000
tfs2_10.txt	100	100	40	40	27716	30000	0.770000
tfs2_11.txt	100	100	40	120	29688	30000	0.600000
tfs2_12.txt	100	100	40	120	29274	30000	0.870000
tfs2_13.txt	100	100	40	120	28260	30000	0.600000
tfs2_14.txt	100	100	40	120	29391	30000	0.440000
tfs2_15.txt	100	100	40	120	28314	30000	0.330000
tfs2_16.txt	100	100	40	120	29886	30000	0.330000
tfs2_17.txt	100	100	40	120	29568	30000	0.440000
tfs2_18.txt	100	100	40	120	29511	30000	0.490000
tfs2_19.txt	100	100	40	120	29580	30000	0.550000
tfs2_20.txt	100	100	40	120	29022	30000	0.490000
tfs2_21.txt	100	100	40	160	28794	30000	0.440000
tfs2_22.txt	100	100	40	160	29751	30000	0.610000
tfs2_23.txt	100	100	40	160	29730	30000	0.380000
tfs2_24.txt	100	100	40	160	29670	30000	0.660000
tfs2_25.txt	100	100	40	160	29210	30000	0.430000
tfs2_26.txt	100	100	40	160	29018	30000	2.030000
tfs2_27.txt	100	100	40	160	29013	30000	0.930000
tfs2_28.txt	100	100	40	160	29592	30000	1.260000
tfs2_29.txt	100	100	40	160	29865	30000	0.880000
tfs2_30.txt	100	100	40	160	28824	29994	0.380000
tfs2_31.txt	100	100	50	50	28632	30000	1.420000
tfs2_32.txt	100	100	50	50	28984	30000	0.880000
tfs2_33.txt	100	100	50	50	29262	30000	0.440000
tfs2_34.txt	100	100	50	50	29502	30000	0.500000
tfs2_35.txt	100	100	50	50	26690	29994	0.820000
tfs2_36.txt	100	100	50	50	28317	30000	2.250000
tfs2_37.txt	100	100	50	50	27697	30000	0.980000
tfs2_38.txt	100	100	50	50	28462	29997	0.660000
tfs2_39.txt	100	100	50	50	29050	30000	0.770000
tfs2_40.txt	100	100	50	50	28164	30000	0.930000
tfs2_41.txt	100	100	50	150	29550	30000	0.330000
tfs2_42.txt	100	100	50	150	29912	30000	0.500000
tfs2_43.txt	100	100	50	150	29006	30000	0.330000
tfs2_44.txt	100	100	50	150	28944	30000	0.440000
tfs2_45.txt	100	100	50	150	28932	30000	0.550000
tfs2_46.txt	100	100	50	150	29916	30000	0.660000
tfs2_47.txt	100	100	50	150	29700	30000	0.330000
tfs2_48.txt	100	100	50	150	29715	30000	0.660000
tfs2_49.txt	100	100	50	150	29787	30000	0.550000
tfs2_50.txt	100	100	50	150	29637	30000	0.440000
tfs2_51.txt	100	100	50	200	29628	30000	0.380000
tfs2_52.txt	100	100	50	200	29499	30000	0.550000
tfs2_53.txt	100	100	50	200	29368	30000	1.210000
tfs2_54.txt	100	100	50	200	29581	30000	0.440000
tfs2_55.txt	100	100	50	200	28950	30000	0.500000
tfs2_56.txt	100	100	50	200	29940	30000	0.270000
tfs2_57.txt	100	100	50	200	29556	30000	0.380000
tfs2_58.txt	100	100	50	200	29581	30000	0.440000
tfs2_59.txt	100	100	50	200	29585	30000	1.700000
tfs2_60.txt	100	100	50	200	29460	30000	0.770000
tfs2_61.txt	100	100	100	100	29256	30000	0.710000
tfs2_62.txt	100	100	100	100	29712	30000	1.160000
tfs2_63.txt	100	100	100	100	29847	30000	0.880000
tfs2_64.txt	100	100	100	100	29644	30000	0.710000
tfs2_65.txt	100	100	100	100	29506	30000	1.530000
tfs2_66.txt	100	100	100	100	29175	30000	1.150000
tfs2_67.txt	100	100	100	100	29310	30000	0.830000
tfs2_68.txt	100	100	100	100	29217	30000	2.740000
tfs2_69.txt	100	100	100	100	29597	30000	1.210000
tfs2_70.txt	100	100	100	100	29520	30000	0.490000
tfs2_71.txt	100	100	100	300	30000	30000	0.000000
tfs2_72.txt	100	100	100	300	29898	30000	0.660000
tfs2_73.txt	100	100	100	300	29646	30000	0.380000
tfs2_74.txt	100	100	100	300	29695	30000	0.770000
tfs2_75.txt	100	100	100	300	29736	30000	2.200000
tfs2_76.txt	100	100	100	300	29721	30000	2.090000
tfs2_77.txt	100	100	100	300	29982	30000	0.380000
tfs2_78.txt	100	100	100	300	29808	30000	0.940000
tfs2_79.txt	100	100	100	300	29928	30000	0.720000
tfs2_80.txt	100	100	100	300	29652	30000	0.490000
tfs2_81.txt	100	100	100	400	29895	30000	0.980000
tfs2_82.txt	100	100	100	400	29982	30000	0.990000
tfs2_83.txt	100	100	100	400	29838	30000	0.880000
tfs2_84.txt	100	100	100	400	29806	30000	0.770000
tfs2_85.txt	100	100	100	400	29716	30000	0.710000
tfs2_86.txt	100	100	100	400	29684	30000	0.710000
tfs2_87.txt	100	100	100	400	29928	30000	1.430000
tfs2_88.txt	100	100	100	400	29701	30000	0.710000
tfs2_89.txt	100	100	100	400	29928	30000	0.390000
tfs2_90.txt	100	100	100	400	29700	30000	0.550000
tfs2_91.txt	100	100	150	150	29801	30000	0.990000
tfs2_92.txt	100	100	150	150	29539	30000	0.820000
tfs2_93.txt	100	100	150	150	29934	30000	0.880000
tfs2_94.txt	100	100	150	150	29834	30000	1.100000
tfs2_95.txt	100	100	150	150	29643	30000	0.880000
tfs2_96.txt	100	100	150	150	29758	30000	0.880000
tfs2_97.txt	100	100	150	150	29454	30000	0.940000
tfs2_98.txt	100	100	150	150	29687	30000	1.040000
tfs2_99.txt	100	100	150	150	29823	30000	0.880000
tfs2_100.txt	100	100	150	150	29768	30000	0.870000
tfs2_101.txt	100	100	150	450	29955	30000	0.820000
tfs2_102.txt	100	100	150	450	29919	30000	0.990000
tfs2_103.txt	100	100	150	450	29988	30000	0.500000
tfs2_104.txt	100	100	150	450	29922	30000	0.710000
tfs2_105.txt	100	100	150	450	29862	30000	0.820000
tfs2_106.txt	100	100	150	450	29958	30000	1.210000
tfs2_107.txt	100	100	150	450	30000	30000	0.060000
tfs2_108.txt	100	100	150	450	29901	30000	0.710000
tfs2_109.txt	100	100	150	450	29964	30000	0.820000
tfs2_110.txt	100	100	150	450	29964	30000	0.940000
tfs2_111.txt	100	100	150	600	29856	30000	0.710000
tfs2_112.txt	100	100	150	600	30000	30000	0.610000
tfs2_113.txt	100	100	150	600	30000	30000	0.220000
tfs2_114.txt	100	100	150	600	30000	30000	0.330000
tfs2_115.txt	100	100	150	600	29991	30000	0.940000
tfs2_116.txt	100	100	150	600	29970	30000	1.310000
tfs2_117.txt	100	100	150	600	29958	30000	1.150000
tfs2_118.txt	100	100	150	600	29970	30000	0.880000
tfs2_119.txt	100	100	150	600	29937	30000	1.260000
tfs2_120.txt	100	100	150	600	29934	30000	0.660000
tfs2_121.txt	100	100	250	250	29777	30000	1.480000
tfs2_122.txt	100	100	250	250	29591	30000	0.990000
tfs2_123.txt	100	100	250	250	29637	30000	1.050000
tfs2_124.txt	100	100	250	250	29825	30000	1.150000
tfs2_125.txt	100	100	250	250	29925	30000	1.810000
tfs2_126.txt	100	100	250	250	29824	30000	1.810000
tfs2_127.txt	100	100	250	250	29718	30000	1.980000
tfs2_128.txt	100	100	250	250	29827	30000	1.480000
tfs2_129.txt	100	100	250	250	29988	30000	1.600000
tfs2_130.txt	100	100	250	250	29691	30000	2.370000
tfs2_131.txt	100	100	250	750	29988	30000	1.320000
tfs2_132.txt	100	100	250	750	30000	30000	0.170000
tfs2_133.txt	100	100	250	750	29988	30000	1.320000
tfs2_134.txt	100	100	250	750	30000	30000	0.110000
tfs2_135.txt	100	100	250	750	29982	30000	0.940000
tfs2_136.txt	100	100	250	750	29994	30000	1.150000
tfs2_137.txt	100	100	250	750	30000	30000	0.060000
tfs2_138.txt	100	100	250	750	29952	30000	1.150000
tfs2_139.txt	100	100	250	750	29952	30000	1.150000
tfs2_140.txt	100	100	250	750	29972	30000	0.880000
tfs2_141.txt	100	100	250	1000	30000	30000	0.110000
tfs2_142.txt	100	100	250	1000	30000	30000	0.000000
tfs2_143.txt	100	100	250	1000	30000	30000	0.160000
tfs2_144.txt	100	100	250	1000	29966	30000	1.100000
tfs2_145.txt	100	100	250	1000	30000	30000	0.160000
tfs2_146.txt	100	100	250	1000	29936	30000	0.880000
tfs2_147.txt	100	100	250	1000	29976	30000	1.100000
tfs2_148.txt	100	100	250	1000	30000	30000	0.440000
tfs2_149.txt	100	100	250	1000	30000	30000	0.110000
tfs2_150.txt	100	100	250	1000	30000	30000	0.170000
tfs2_151.txt	100	100	500	500	29980	30000	1.810000
tfs2_152.txt	100	100	500	500	29926	30000	1.710000
tfs2_153.txt	100	100	500	500	29949	30000	1.480000
tfs2_154.txt	100	100	500	500	29967	30000	1.820000
tfs2_155.txt	100	100	500	500	29934	30000	1.540000
tfs2_156.txt	100	100	500	500	29976	30000	1.320000
tfs2_157.txt	100	100	500	500	29930	30000	1.810000
tfs2_158.txt	100	100	500	500	29958	30000	1.600000
tfs2_159.txt	100	100	500	500	29952	30000	1.700000
tfs2_160.txt	100	100	500	500	29976	30000	1.430000
tfs2_161.txt	100	100	500	1500	30000	30000	0.160000
tfs2_162.txt	100	100	500	1500	30000	30000	0.000000
tfs2_163.txt	100	100	500	1500	30000	30000	0.110000
tfs2_164.txt	100	100	500	1500	30000	30000	0.050000
tfs2_165.txt	100	100	500	1500	29994	30000	1.600000
tfs2_166.txt	100	100	500	1500	30000	30000	0.160000
tfs2_167.txt	100	100	500	1500	30000	30000	0.060000
tfs2_168.txt	100	100	500	1500	30000	30000	0.060000
tfs2_169.txt	100	100	500	1500	29991	30000	1.760000
tfs2_170.txt	100	100	500	1500	29994	30000	1.370000
tfs2_171.txt	100	100	500	2000	30000	30000	0.110000
tfs2_172.txt	100	100	500	2000	30000	30000	0.060000
tfs2_173.txt	100	100	500	2000	29982	30000	1.210000
tfs2_174.txt	100	100	500	2000	29988	30000	1.590000
tfs2_175.txt	100	100	500	2000	29976	30000	1.380000
tfs2_176.txt	100	100	500	2000	29994	30000	1.650000
tfs2_177.txt	100	100	500	2000	30000	30000	0.000000
tfs2_178.txt	100	100	500	2000	29964	30000	1.820000
tfs2_179.txt	100	100	500	2000	30000	30000	0.220000
tfs2_180.txt	100	100	500	2000	30000	30000	0.000000
tfs2_181.txt	100	100	1000	1000	29973	30000	2.140000
tfs2_182.txt	100	100	1000	1000	30000	30000	0.330000
tfs2_183.txt	100	100	1000	1000	30000	30000	0.060000
tfs2_184.txt	100	100	1000	1000	29994	30000	2.360000
tfs2_185.txt	100	100	1000	1000	30000	30000	0.110000
tfs2_186.txt	100	100	1000	1000	29982	30000	2.080000
tfs2_187.txt	100	100	1000	1000	29976	30000	2.520000
tfs2_188.txt	100	100	1000	1000	30000	30000	0.110000
tfs2_189.txt	100	100	1000	1000	30000	30000	0.490000
tfs2_190.txt	100	100	1000	1000	30000	30000	0.110000
tfs2_191.txt	100	100	1000	3000	30000	30000	0.220000
tfs2_192.txt	100	100	1000	3000	30000	30000	0.220000
tfs2_193.txt	100	100	1000	3000	30000	30000	0.000000
tfs2_194.txt	100	100	1000	3000	30000	30000	0.110000
tfs2_195.txt	100	100	1000	3000	30000	30000	0.160000
tfs2_196.txt	100	100	1000	3000	30000	30000	0.210000
tfs2_197.txt	100	100	1000	3000	30000	30000	0.110000
tfs2_198.txt	100	100	1000	3000	30000	30000	0.050000
tfs2_199.txt	100	100	1000	3000	30000	30000	0.160000
tfs2_200.txt	100	100	1000	3000	30000	30000	0.110000
tfs2_201.txt	100	100	1000	4000	30000	30000	0.270000
tfs2_202.txt	100	100	1000	4000	30000	30000	0.170000
tfs2_203.txt	100	100	1000	4000	30000	30000	0.660000
tfs2_204.txt	100	100	1000	4000	30000	30000	0.110000
tfs2_205.txt	100	100	1000	4000	30000	30000	0.170000
tfs2_206.txt	100	100	1000	4000	30000	30000	0.110000
tfs2_207.txt	100	100	1000	4000	30000	30000	0.170000
tfs2_208.txt	100	100	1000	4000	30000	30000	0.050000
tfs2_209.txt	100	100	1000	4000	30000	30000	0.220000
tfs2_210.txt	100	100	1000	4000	30000	30000	0.170000
tfs3_1.txt	100	100	40	40	28315	29991	1.320000
tfs3_2.txt	100	100	40	40	27653	29991	1.320000
tfs3_3.txt	100	100	40	40	28800	30000	0.830000
tfs3_4.txt	100	100	40	40	25498	28170	1.090000
tfs3_5.txt	100	100	40	40	27754	30000	0.600000
tfs3_6.txt	100	100	40	40	28662	30000	2.040000
tfs3_7.txt	100	100	40	40	28543	30000	0.820000
tfs3_8.txt	100	100	40	40	28329	30000	0.770000
tfs3_9.txt	100	100	40	40	26695	30000	0.880000
tfs3_10.txt	100	100	40	40	25698	29991	0.490000
tfs3_11.txt	100	100	40	120	29658	30000	0.490000
tfs3_12.txt	100	100	40	120	29646	30000	0.990000
tfs3_13.txt	100	100	40	120	29736	30000	0.550000
tfs3_14.txt	100	100	40	120	29385	30000	0.440000
tfs3_15.txt	100	100	40	120	29208	30000	0.330000
tfs3_16.txt	100	100	40	120	29062	30000	0.770000
tfs3_17.txt	100	100	40	120	29565	30000	0.270000
tfs3_18.txt	100	100	40	120	29436	30000	0.600000
tfs3_19.txt	100	100	40	120	29928	30000	0.280000
tfs3_20.txt	100	100	40	120	29292	30000	0.380000
tfs3_21.txt	100	100	40	160	29574	30000	0.330000
tfs3_22.txt	100	100	40	160	29130	30000	0.660000
tfs3_23.txt	100	100	40	160	29541	30000	0.770000
tfs3_24.txt	100	100	40	160	29700	30000	0.320000
tfs3_25.txt	100	100	40	160	29680	30000	0.440000
tfs3_26.txt	100	100	40	160	29313	30000	0.490000
tfs3_27.txt	100	100	40	160	29664	30000	0.930000
tfs3_28.txt	100	100	40	160	29274	30000	0.490000
tfs3_29.txt	100	100	40	160	29362	30000	0.990000
tfs3_30.txt	100	100	40	160	29822	30000	0.710000
tfs3_31.txt	100	100	50	50	28941	30000	0.770000
tfs3_32.txt	100	100	50	50	29415	30000	0.600000
tfs3_33.txt	100	100	50	50	28588	30000	0.880000
tfs3_34.txt	100	100	50	50	26968	29982	0.440000
tfs3_35.txt	100	100	50	50	28751	30000	0.610000
tfs3_36.txt	100	100	50	50	28149	29994	1.150000
tfs3_37.txt	100	100	50	50	28770	30000	0.990000
tfs3_38.txt	100	100	50	50	28048	30000	0.990000
tfs3_39.txt	100	100	50	50	28731	30000	0.660000
tfs3_40.txt	100	100	50	50	28047	30000	0.490000
tfs3_41.txt	100	100	50	150	29742	30000	0.600000
tfs3_42.txt	100	100	50	150	29664	30000	0.600000
tfs3_43.txt	100	100	50	150	29854	30000	0.720000
tfs3_44.txt	100	100	50	150	29394	30000	0.440000
tfs3_45.txt	100	100	50	150	29186	30000	0.550000
tfs3_46.txt	100	100	50	150	29847	30000	0.720000
tfs3_47.txt	100	100	50	150	29119	30000	0.990000
tfs3_48.txt	100	100	50	150	29393	30000	0.710000
tfs3_49.txt	100	100	50	150	29250	30000	0.330000
tfs3_50.txt	100	100	50	150	29592	30000	0.710000
tfs3_51.txt	100	100	50	200	29478	30000	0.390000
tfs3_52.txt	100	100	50	200	29027	30000	0.500000
tfs3_53.txt	100	100	50	200	29682	30000	0.660000
tfs3_54.txt	100	100	50	200	29279	30000	0.660000
tfs3_55.txt	100	100	50	200	29494	30000	0.770000
tfs3_56.txt	100	100	50	200	29862	30000	0.550000
tfs3_57.txt	100	100	50	200	29470	30000	0.500000
tfs3_58.txt	100	100	50	200	29544	30000	0.550000
tfs3_59.txt	100	100	50	200	29839	30000	0.660000
tfs3_60.txt	100	100	50	200	29964	30000	0.440000
tfs3_61.txt	100	100	100	100	29531	30000	1.380000
tfs3_62.txt	100	100	100	100	29289	30000	1.210000
tfs3_63.txt	100	100	100	100	29366	30000	1.640000
tfs3_64.txt	100	100	100	100	29388	30000	0.820000
tfs3_65.txt	100	100	100	100	29746	30000	0.770000
tfs3_66.txt	100	100	100	100	29712	30000	1.380000
tfs3_67.txt	100	100	100	100	29278	30000	0.660000
tfs3_68.txt	100	100	100	100	29340	30000	0.710000
tfs3_69.txt	100	100	100	100	29121	30000	0.980000
tfs3_70.txt	100	100	100	100	29448	30000	0.820000
tfs3_71.txt	100	100	100	300	29747	30000	0.880000
tfs3_72.txt	100	100	100	300	29868	30000	0.770000
tfs3_73.txt	100	100	100	300	29958	30000	0.720000
tfs3_74.txt	100	100	100	300	29580	30000	0.830000
tfs3_75.txt	100	100	100	300	29655	30000	0.660000
tfs3_76.txt	100	100	100	300	29964	30000	0.770000
tfs3_77.txt	100	100	100	300	29838	30000	0.660000
tfs3_78.txt	100	100	100	300	29820	30000	0.660000
tfs3_79.txt	100	100	100	300	29852	30000	0.990000
tfs3_80.txt	100	100	100	300	29798	30000	0.830000
tfs3_81.txt	100	100	100	400	30000	30000	0.000000
tfs3_82.txt	100	100	100	400	29883	30000	0.660000
tfs3_83.txt	100	100	100	400	30000	30000	0.000000
tfs3_84.txt	100	100	100	400	29784	30000	0.720000
tfs3_85.txt	100	100	100	400	29910	30000	0.830000
tfs3_86.txt	100	100	100	400	29976	30000	0.600000
tfs3_87.txt	100	100	100	400	29940	30000	0.660000
tfs3_88.txt	100	100	100	400	29934	30000	1.040000
tfs3_89.txt	100	100	100	400	30000	30000	0.170000
tfs3_90.txt	100	100	100	400	29946	30000	0.930000
tfs3_91.txt	100	100	150	150	29601	30000	1.380000
tfs3_92.txt	100	100	150	150	29716	30000	1.480000
tfs3_93.txt	100	100	150	150	29771	30000	1.050000
tfs3_94.txt	100	100	150	150	29539	30000	1.150000
tfs3_95.txt	100	100	150	150	29644	30000	0.980000
tfs3_96.txt	100	100	150	150	29360	30000	1.420000
tfs3_97.txt	100	100	150	150	29655	30000	1.040000
tfs3_98.txt	100	100	150	150	29387	30000	0.550000
tfs3_99.txt	100	100	150	150	29496	30000	0.880000
tfs3_100.txt	100	100	150	150	29597	30000	1.090000
tfs3_101.txt	100	100	150	450	29916	30000	0.990000
tfs3_102.txt	100	100	150	450	29928	30000	0.710000
tfs3_103.txt	100	100	150	450	29838	30000	0.770000
tfs3_104.txt	100	100	150	450	29964	30000	0.940000
tfs3_105.txt	100	100	150	450	29970	30000	0.990000
tfs3_106.txt	100	100	150	450	29910	30000	1.050000
tfs3_107.txt	100	100	150	450	29928	30000	0.930000
tfs3_108.txt	100	100	150	450	30000	30000	0.170000
tfs3_109.txt	100	100	150	450	29786	30000	0.990000
tfs3_110.txt	100	100	150	450	30000	30000	0.000000
tfs3_111.txt	100	100	150	600	29916	30000	0.720000
tfs3_112.txt	100	100	150	600	29811	30000	0.710000
tfs3_113.txt	100	100	150	600	29946	30000	0.600000
tfs3_114.txt	100	100	150	600	29832	30000	1.160000
tfs3_115.txt	100	100	150	600	29994	30000	0.660000
tfs3_116.txt	100	100	150	600	29952	30000	0.940000
tfs3_117.txt	100	100	150	600	29992	30000	0.820000
tfs3_118.txt	100	100	150	600	30000	30000	0.710000
tfs3_119.txt	100	100	150	600	29970	30000	1.270000
tfs3_120.txt	100	100	150	600	29896	30000	0.770000
tfs3_121.txt	100	100	250	250	29778	30000	1.590000
tfs3_122.txt	100	100	250	250	29768	30000	1.320000
tfs3_123.txt	100	100	250	250	29823	30000	1.260000
tfs3_124.txt	100	100	250	250	29740	30000	1.540000
tfs3_125.txt	100	100	250	250	29690	30000	1.370000
tfs3_126.txt	100	100	250	250	29994	30000	1.370000
tfs3_127.txt	100	100	250	250	29848	30000	1.050000
tfs3_128.txt	100	100	250	250	29622	30000	1.430000
tfs3_129.txt	100	100	250	250	29688	30000	1.320000
tfs3_130.txt	100	100	250	250	29951	30000	1.320000
tfs3_131.txt	100	100	250	750	29976	30000	0.880000
tfs3_132.txt	100	100	250	750	30000	30000	0.110000
tfs3_133.txt	100	100	250	750	29940	30000	0.880000
tfs3_134.txt	100	100	250	750	29946	30000	1.040000
tfs3_135.txt	100	100	250	750	30000	30000	0.060000
tfs3_136.txt	100	100	250	750	29954	30000	1.210000
tfs3_137.txt	100	100	250	750	29988	30000	1.320000
tfs3_138.txt	100	100	250	750	29994	30000	1.050000
tfs3_139.txt	100	100	250	750	29904	30000	1.210000
tfs3_140.txt	100	100	250	750	30000	30000	0.160000
tfs3_141.txt	100	100	250	1000	30000	30000	0.000000
tfs3_142.txt	100	100	250	1000	29979	30000	1.100000
tfs3_143.txt	100	100	250	1000	29991	30000	0.990000
tfs3_144.txt	100	100	250	1000	30000	30000	0.220000
tfs3_145.txt	100	100	250	1000	29980	30000	1.210000
tfs3_146.txt	100	100	250	1000	30000	30000	0.610000
tfs3_147.txt	100	100	250	1000	30000	30000	0.000000
tfs3_148.txt	100	100	250	1000	30000	30000	0.000000
tfs3_149.txt	100	100	250	1000	30000	30000	0.440000
tfs3_150.txt	100	100	250	1000	30000	30000	0.170000
tfs3_151.txt	100	100	500	500	29996	30000	2.140000
tfs3_152.txt	100	100	500	500	29990	30000	1.750000
tfs3_153.txt	100	100	500	500	29976	30000	1.810000
tfs3_154.txt	100	100	500	500	29985	30000	1.980000
tfs3_155.txt	100	100	500	500	29892	30000	2.140000
tfs3_156.txt	100	100	500	500	29994	30000	1.930000
tfs3_157.txt	100	100	500	500	29904	30000	1.650000
tfs3_158.txt	100	100	500	500	29946	30000	1.540000
tfs3_159.txt	100	100	500	500	29940	30000	1.810000
tfs3_160.txt	100	100	500	500	29973	30000	1.980000
tfs3_161.txt	100	100	500	1500	29970	30000	1.870000
tfs3_162.txt	100	100	500	1500	29994	30000	1.320000
tfs3_163.txt	100	100	500	1500	30000	30000	0.220000
tfs3_164.txt	100	100	500	1500	30000	30000	0.000000
tfs3_165.txt	100	100	500	1500	30000	30000	0.050000
tfs3_166.txt	100	100	500	1500	30000	30000	0.160000
tfs3_167.txt	100	100	500	1500	29991	30000	1.540000
tfs3_168.txt	100	100	500	1500	30000	30000	0.610000
tfs3_169.txt	100	100	500	1500	30000	30000	0.600000
tfs3_170.txt	100	100	500	1500	30000	30000	0.270000
tfs3_171.txt	100	100	500	2000	30000	30000	0.000000
tfs3_172.txt	100	100	500	2000	30000	30000	0.390000
tfs3_173.txt	100	100	500	2000	30000	30000	1.150000
tfs3_174.txt	100	100	500	2000	30000	30000	0.270000
tfs3_175.txt	100	100	500	2000	29988	30000	1.760000
tfs3_176.txt	100	100	500	2000	30000	30000	0.050000
tfs3_177.txt	100	100	500	2000	30000	30000	0.050000
tfs3_178.txt	100	100	500	2000	30000	30000	0.000000
tfs3_179.txt	100	100	500	2000	30000	30000	0.050000
tfs3_180.txt	100	100	500	2000	30000	30000	0.440000
tfs3_181.txt	100	100	1000	1000	29994	30000	2.150000
tfs3_182.txt	100	100	1000	1000	29982	30000	2.410000
tfs3_183.txt	100	100	1000	1000	30000	30000	1.320000
tfs3_184.txt	100	100	1000	1000	30000	30000	0.990000
tfs3_185.txt	100	100	1000	1000	29958	30000	2.360000
tfs3_186.txt	100	100	1000	1000	29965	30000	2.360000
tfs3_187.txt	100	100	1000	1000	29976	30000	2.520000
tfs3_188.txt	100	100	1000	1000	30000	30000	0.270000
tfs3_189.txt	100	100	1000	1000	30000	30000	0.110000
tfs3_190.txt	100	100	1000	1000	30000	30000	0.280000
tfs3_191.txt	100	100	1000	3000	30000	30000	0.170000
tfs3_192.txt	100	100	1000	3000	30000	30000	0.380000
tfs3_193.txt	100	100	1000	3000	30000	30000	0.490000
tfs3_194.txt	100	100	1000	3000	30000	30000	1.810000
tfs3_195.txt	100	100	1000	3000	30000	30000	0.050000
tfs3_196.txt	100	100	1000	3000	30000	30000	0.220000
tfs3_197.txt	100	100	1000	3000	30000	30000	0.220000
tfs3_198.txt	100	100	1000	3000	30000	30000	0.330000
tfs3_199.txt	100	100	1000	3000	30000	30000	0.770000
tfs3_200.txt	100	100	1000	3000	30000	30000	0.110000
tfs3_201.txt	100	100	1000	4000	30000	30000	0.990000
tfs3_202.txt	100	100	1000	4000	30000	30000	0.880000
tfs3_203.txt	100	100	1000	4000	30000	30000	0.600000
tfs3_204.txt	100	100	1000	4000	30000	30000	0.220000
tfs3_205.txt	100	100	1000	4000	30000	30000	0.110000
tfs3_206.txt	100	100	1000	4000	30000	30000	0.110000
tfs3_207.txt	100	100	1000	4000	30000	30000	0.170000
tfs3_208.txt	100	100	1000	4000	30000	30000	0.160000
tfs3_209.txt	100	100	1000	4000	30000	30000	0.160000
tfs3_210.txt	100	100	1000	4000	30000	30000	0.060000
Leung1.txt	400	200	9	10	80000	80000	0.000000
Leung2.txt	400	200	7	15	79000	79000	0.000000
Leung3.txt	400	400	5	20	149800	160000	0.390000
Leung4.txt	70	80	14	20	5290	5600	0.990000
Leung5.txt	70	80	16	25	5395	5600	1.430000
Leung6.txt	120	45	22	25	5310	5400	1.160000
Leung7.txt	90	45	16	30	3978	4050	0.990000
Leung8.txt	65	45	18	30	2823	2925	1.430000
Leung9.txt	150	110	40	40	15816	16500	8.570000
Leung10.txt	160	120	50	50	18612	19200	12.520000

