500
100	100
44	79	0	1	10428
36	86	0	1	6192
83	81	0	1	13446
19	25	0	1	475
46	35	0	1	4830
33	24	0	1	1584
76	23	0	1	3496
48	83	0	1	11952
24	11	0	1	264
28	24	0	1	672
53	95	0	1	15105
94	35	0	1	6580
94	38	0	1	3572
42	93	0	1	7812
42	78	0	1	9828
46	20	0	1	2760
98	61	0	1	5978
91	35	0	1	3185
57	74	0	1	12654
21	14	0	1	882
14	23	0	1	644
34	29	0	1	2958
89	25	0	1	6675
9	32	0	1	288
9	43	0	1	1161
84	95	0	1	23940
2	3	0	1	18
4	98	0	1	1176
24	97	0	1	6984
34	48	0	1	3264
60	73	0	1	8760
95	36	0	1	3420
21	88	0	1	1848
39	37	0	1	4329
98	25	0	1	2450
66	59	0	1	11682
33	80	0	1	2640
13	49	0	1	1274
51	98	0	1	14994
26	17	0	1	442
95	4	0	1	1140
84	22	0	1	1848
13	29	0	1	377
40	38	0	1	1520
22	8	0	1	176
14	31	0	1	434
32	18	0	1	576
30	41	0	1	3690
86	24	0	1	4128
72	74	0	1	10656
42	36	0	1	1512
5	13	0	1	195
44	40	0	1	3520
77	33	0	1	2541
99	54	0	1	10692
90	52	0	1	9360
62	94	0	1	11656
20	90	0	1	1800
88	50	0	1	8800
43	82	0	1	7052
13	89	0	1	2314
87	80	0	1	20880
12	89	0	1	1068
21	48	0	1	3024
87	49	0	1	8526
14	44	0	1	1848
16	28	0	1	448
14	2	0	1	56
77	82	0	1	18942
21	80	0	1	5040
26	4	0	1	208
33	18	0	1	1782
31	13	0	1	403
35	90	0	1	6300
3	25	0	1	150
71	93	0	1	13206
31	9	0	1	558
70	65	0	1	4550
11	13	0	1	143
19	8	0	1	304
81	30	0	1	4860
51	69	0	1	10557
27	36	0	1	972
95	71	0	1	20235
100	29	0	1	5800
27	79	0	1	2133
62	73	0	1	4526
25	47	0	1	1175
2	80	0	1	480
11	94	0	1	3102
85	36	0	1	6120
91	91	0	1	16562
10	10	0	1	100
28	77	0	1	4312
38	99	0	1	11286
38	47	0	1	5358
37	83	0	1	9213
78	54	0	1	12636
12	14	0	1	336
31	95	0	1	2945
87	39	0	1	6786
21	37	0	1	777
98	92	0	1	18032
65	72	0	1	9360
89	36	0	1	6408
49	6	0	1	882
96	77	0	1	7392
89	5	0	1	445
31	32	0	1	1984
48	8	0	1	1152
30	43	0	1	1290
8	34	0	1	816
37	97	0	1	3589
53	88	0	1	9328
82	72	0	1	5904
56	80	0	1	4480
49	83	0	1	8134
49	34	0	1	1666
9	40	0	1	1080
51	99	0	1	15147
20	46	0	1	1840
84	60	0	1	10080
94	72	0	1	6768
36	100	0	1	3600
19	42	0	1	2394
3	90	0	1	540
90	44	0	1	11880
90	71	0	1	6390
50	82	0	1	8200
3	93	0	1	279
50	96	0	1	9600
98	41	0	1	12054
79	65	0	1	5135
8	83	0	1	1992
33	79	0	1	5214
92	38	0	1	10488
82	46	0	1	3772
89	99	0	1	8811
12	100	0	1	1200
92	28	0	1	7728
22	33	0	1	726
100	24	0	1	7200
40	4	0	1	480
82	5	0	1	820
87	20	0	1	3480
34	86	0	1	5848
92	19	0	1	5244
71	100	0	1	7100
31	93	0	1	5766
97	5	0	1	970
83	33	0	1	8217
23	21	0	1	1449
37	2	0	1	148
31	39	0	1	2418
24	29	0	1	1392
100	17	0	1	5100
13	85	0	1	1105
86	35	0	1	9030
29	90	0	1	5220
100	50	0	1	10000
89	40	0	1	10680
44	25	0	1	1100
2	47	0	1	188
7	98	0	1	686
92	25	0	1	4600
56	61	0	1	6832
20	76	0	1	3040
73	52	0	1	11388
17	39	0	1	663
42	50	0	1	2100
13	36	0	1	1404
23	38	0	1	874
31	4	0	1	124
86	2	0	1	516
27	15	0	1	405
47	97	0	1	9118
70	84	0	1	5880
34	34	0	1	1156
36	98	0	1	7056
27	48	0	1	1296
36	12	0	1	432
55	99	0	1	10890
96	70	0	1	6720
36	98	0	1	7056
16	13	0	1	208
26	42	0	1	3276
19	46	0	1	1748
75	75	0	1	5625
57	84	0	1	4788
49	98	0	1	14406
94	54	0	1	15228
75	80	0	1	12000
10	49	0	1	490
13	50	0	1	1300
19	25	0	1	950
72	78	0	1	5616
82	3	0	1	492
33	44	0	1	2904
81	35	0	1	5670
18	20	0	1	720
14	33	0	1	462
50	6	0	1	900
39	45	0	1	1755
25	41	0	1	2050
36	21	0	1	2268
84	71	0	1	17892
26	88	0	1	4576
76	97	0	1	22116
14	25	0	1	700
89	13	0	1	1157
86	70	0	1	12040
64	99	0	1	19008
77	38	0	1	2926
12	9	0	1	324
84	4	0	1	1008
95	9	0	1	855
77	11	0	1	1694
42	21	0	1	882
91	12	0	1	3276
6	76	0	1	912
15	18	0	1	810
85	44	0	1	7480
41	44	0	1	5412
31	27	0	1	1674
85	76	0	1	12920
69	55	0	1	7590
68	81	0	1	11016
80	34	0	1	8160
6	41	0	1	246
79	14	0	1	2212
82	34	0	1	8364
27	40	0	1	3240
21	7	0	1	441
13	34	0	1	884
20	92	0	1	1840
100	79	0	1	15800
4	41	0	1	164
84	51	0	1	8568
2	39	0	1	78
19	9	0	1	342
16	100	0	1	4800
73	57	0	1	12483
4	77	0	1	924
30	33	0	1	990
19	38	0	1	1444
82	46	0	1	7544
27	29	0	1	2349
5	37	0	1	185
35	40	0	1	2800
31	39	0	1	1209
3	91	0	1	819
46	10	0	1	1380
79	74	0	1	11692
38	87	0	1	9918
20	17	0	1	340
41	79	0	1	3239
13	26	0	1	1014
77	32	0	1	4928
85	13	0	1	3315
84	3	0	1	252
50	6	0	1	300
35	20	0	1	2100
91	44	0	1	8008
50	31	0	1	1550
27	5	0	1	405
53	74	0	1	11766
10	89	0	1	2670
8	88	0	1	1408
40	80	0	1	3200
78	30	0	1	4680
90	48	0	1	4320
51	100	0	1	15300
50	45	0	1	2250
33	85	0	1	2805
42	100	0	1	12600
90	57	0	1	5130
5	98	0	1	1470
31	78	0	1	7254
5	78	0	1	780
78	23	0	1	5382
9	23	0	1	621
100	50	0	1	15000
96	62	0	1	17856
25	24	0	1	1800
43	37	0	1	1591
90	31	0	1	5580
8	47	0	1	1128
87	28	0	1	4872
40	44	0	1	5280
100	75	0	1	22500
9	11	0	1	99
92	94	0	1	25944
12	36	0	1	864
46	24	0	1	1104
84	70	0	1	5880
48	34	0	1	4896
43	98	0	1	4214
34	49	0	1	1666
13	14	0	1	182
65	71	0	1	9230
9	3	0	1	54
13	14	0	1	364
9	21	0	1	189
21	78	0	1	4914
14	87	0	1	3654
20	46	0	1	2760
97	75	0	1	14550
53	94	0	1	9964
53	66	0	1	6996
11	18	0	1	198
5	32	0	1	160
22	96	0	1	2112
23	83	0	1	1909
83	16	0	1	2656
11	23	0	1	506
10	3	0	1	90
27	49	0	1	1323
20	20	0	1	1200
34	41	0	1	1394
92	27	0	1	7452
36	5	0	1	540
39	85	0	1	6630
18	30	0	1	540
28	80	0	1	4480
79	3	0	1	711
19	2	0	1	114
43	86	0	1	3698
74	90	0	1	6660
76	25	0	1	3800
43	88	0	1	11352
23	41	0	1	943
49	98	0	1	9604
89	43	0	1	3827
10	86	0	1	860
11	21	0	1	462
93	99	0	1	9207
73	75	0	1	10950
62	80	0	1	9920
71	88	0	1	6248
91	12	0	1	1092
38	5	0	1	380
76	4	0	1	912
89	100	0	1	17800
26	14	0	1	364
67	67	0	1	13467
92	94	0	1	8648
6	76	0	1	1368
45	9	0	1	1215
79	10	0	1	2370
82	7	0	1	1722
34	92	0	1	6256
38	94	0	1	7144
94	100	0	1	9400
93	85	0	1	23715
8	12	0	1	192
31	36	0	1	1116
53	64	0	1	3392
96	46	0	1	8832
87	23	0	1	2001
2	7	0	1	42
15	47	0	1	705
24	86	0	1	4128
37	9	0	1	999
5	19	0	1	95
10	77	0	1	1540
39	95	0	1	7410
94	26	0	1	2444
82	87	0	1	7134
79	37	0	1	2923
43	24	0	1	1032
97	20	0	1	5820
31	94	0	1	8742
89	54	0	1	4806
87	36	0	1	6264
20	44	0	1	1760
91	31	0	1	8463
98	22	0	1	4312
42	91	0	1	7644
3	47	0	1	423
13	84	0	1	2184
34	36	0	1	1224
10	27	0	1	270
87	29	0	1	2523
3	17	0	1	51
92	51	0	1	14076
14	39	0	1	1638
93	60	0	1	5580
18	19	0	1	342
52	59	0	1	9204
48	78	0	1	3744
64	82	0	1	10496
79	97	0	1	22989
49	36	0	1	3528
40	81	0	1	6480
38	85	0	1	3230
42	7	0	1	294
6	8	0	1	48
17	43	0	1	1462
43	11	0	1	473
93	58	0	1	10788
41	23	0	1	1886
45	96	0	1	8640
92	18	0	1	4968
37	10	0	1	740
96	42	0	1	8064
26	92	0	1	4784
6	6	0	1	108
32	85	0	1	2720
2	99	0	1	198
41	38	0	1	3116
38	96	0	1	7296
97	72	0	1	20952
85	16	0	1	4080
8	41	0	1	984
36	88	0	1	6336
19	89	0	1	5073
95	69	0	1	19665
77	4	0	1	308
24	21	0	1	504
78	50	0	1	7800
84	89	0	1	14952
96	77	0	1	14784
28	41	0	1	2296
15	34	0	1	510
31	28	0	1	2604
25	76	0	1	1900
92	12	0	1	3312
35	15	0	1	525
41	38	0	1	3116
9	27	0	1	243
89	85	0	1	22695
81	12	0	1	1944
98	23	0	1	6762
36	27	0	1	972
21	7	0	1	441
19	47	0	1	893
13	28	0	1	364
91	4	0	1	728
37	35	0	1	2590
33	5	0	1	165
92	55	0	1	10120
55	88	0	1	4840
46	33	0	1	1518
34	91	0	1	9282
33	22	0	1	2178
16	47	0	1	2256
76	92	0	1	20976
11	17	0	1	187
10	84	0	1	2520
92	32	0	1	8832
86	5	0	1	1290
43	31	0	1	2666
96	34	0	1	9792
42	45	0	1	1890
11	83	0	1	913
95	66	0	1	12540
40	40	0	1	4800
25	85	0	1	6375
83	28	0	1	6972
39	79	0	1	3081
76	34	0	1	7752
18	48	0	1	864
79	39	0	1	6162
19	20	0	1	1140
94	18	0	1	1692
78	36	0	1	2808
16	88	0	1	1408
80	26	0	1	4160
43	84	0	1	7224
83	80	0	1	19920
33	28	0	1	2772
77	5	0	1	1155
75	95	0	1	21375
39	15	0	1	1755
21	76	0	1	1596
26	85	0	1	2210
99	22	0	1	6534
43	5	0	1	215
79	11	0	1	1738
94	30	0	1	8460
88	6	0	1	1584
89	50	0	1	8900
78	73	0	1	11388
35	41	0	1	2870
86	21	0	1	1806
56	75	0	1	8400
45	9	0	1	405
34	13	0	1	884
38	50	0	1	1900
82	83	0	1	6806
11	21	0	1	462
91	66	0	1	18018
65	74	0	1	4810
5	31	0	1	465
37	84	0	1	9324
42	5	0	1	210
90	38	0	1	10260
42	13	0	1	1638
94	15	0	1	4230
34	86	0	1	2924
