500
100	100
40	26	0	1	2080
25	34	0	1	1700
82	23	0	1	3772
3	27	0	1	81
30	83	0	1	2490
45	90	0	1	4050
28	95	0	1	5320
13	43	0	1	1677
46	93	0	1	12834
6	8	0	1	144
84	26	0	1	2184
30	90	0	1	8100
36	12	0	1	1296
25	22	0	1	1100
43	33	0	1	2838
83	37	0	1	9213
35	39	0	1	2730
17	89	0	1	3026
70	67	0	1	14070
82	31	0	1	2542
79	13	0	1	3081
78	18	0	1	1404
43	76	0	1	6536
27	24	0	1	1296
37	4	0	1	444
50	94	0	1	14100
17	16	0	1	816
24	86	0	1	4128
3	3	0	1	9
21	28	0	1	588
41	26	0	1	2132
34	41	0	1	1394
36	9	0	1	972
44	100	0	1	4400
31	37	0	1	3441
68	96	0	1	19584
24	50	0	1	2400
60	83	0	1	14940
18	45	0	1	2430
24	31	0	1	1488
6	29	0	1	174
16	13	0	1	416
28	50	0	1	2800
85	18	0	1	1530
78	96	0	1	22464
49	11	0	1	1078
77	89	0	1	6853
93	82	0	1	7626
94	22	0	1	2068
6	18	0	1	324
42	13	0	1	546
46	95	0	1	13110
19	19	0	1	1083
11	36	0	1	1188
59	84	0	1	4956
24	44	0	1	1056
84	48	0	1	12096
90	65	0	1	11700
75	66	0	1	4950
37	100	0	1	3700
23	27	0	1	1242
3	14	0	1	126
91	34	0	1	3094
26	15	0	1	390
100	18	0	1	3600
37	9	0	1	333
19	33	0	1	1254
36	23	0	1	1656
44	15	0	1	1320
34	30	0	1	1020
34	86	0	1	8772
95	34	0	1	9690
19	34	0	1	1938
86	42	0	1	3612
99	66	0	1	6534
18	48	0	1	2592
68	82	0	1	11152
61	91	0	1	5551
32	31	0	1	2976
14	99	0	1	4158
67	77	0	1	10318
70	77	0	1	10780
38	3	0	1	228
24	98	0	1	2352
80	90	0	1	7200
80	49	0	1	11760
47	40	0	1	3760
28	4	0	1	336
5	42	0	1	210
41	3	0	1	369
4	18	0	1	144
48	19	0	1	1824
29	14	0	1	1218
50	25	0	1	3750
23	19	0	1	874
66	87	0	1	17226
16	93	0	1	2976
92	52	0	1	9568
76	36	0	1	5472
20	42	0	1	1680
45	10	0	1	1350
96	78	0	1	7488
70	90	0	1	18900
52	78	0	1	8112
78	83	0	1	12948
12	80	0	1	2880
66	74	0	1	14652
74	88	0	1	6512
27	86	0	1	2322
29	80	0	1	4640
95	100	0	1	19000
90	89	0	1	16020
90	43	0	1	11610
33	94	0	1	9306
99	58	0	1	17226
88	52	0	1	13728
89	27	0	1	2403
46	28	0	1	1288
19	79	0	1	3002
24	93	0	1	4464
25	13	0	1	325
8	37	0	1	296
47	24	0	1	2256
92	43	0	1	7912
34	23	0	1	2346
32	50	0	1	3200
9	40	0	1	1080
89	97	0	1	25899
27	28	0	1	1512
48	20	0	1	2880
36	32	0	1	3456
48	2	0	1	288
42	44	0	1	3696
94	14	0	1	2632
5	2	0	1	10
3	98	0	1	882
37	77	0	1	2849
24	8	0	1	192
11	46	0	1	1012
5	89	0	1	1335
48	45	0	1	2160
27	30	0	1	2430
42	100	0	1	4200
37	17	0	1	629
44	17	0	1	1496
25	27	0	1	1350
88	11	0	1	1936
94	71	0	1	20022
27	11	0	1	297
35	29	0	1	2030
89	54	0	1	4806
88	16	0	1	2816
20	7	0	1	420
32	34	0	1	1088
84	41	0	1	6888
26	21	0	1	1092
9	24	0	1	648
28	98	0	1	8232
6	9	0	1	108
44	3	0	1	396
5	43	0	1	645
18	23	0	1	828
71	55	0	1	11715
84	18	0	1	3024
89	59	0	1	10502
94	79	0	1	22278
84	78	0	1	6552
79	39	0	1	9243
36	35	0	1	3780
21	25	0	1	525
4	89	0	1	712
34	4	0	1	272
38	42	0	1	4788
45	20	0	1	1800
82	48	0	1	3936
55	71	0	1	11715
21	7	0	1	147
91	11	0	1	3003
14	36	0	1	504
47	22	0	1	3102
17	38	0	1	1938
88	11	0	1	1936
42	30	0	1	1260
29	89	0	1	5162
19	18	0	1	684
33	2	0	1	132
12	36	0	1	432
3	23	0	1	138
48	37	0	1	5328
85	27	0	1	4590
22	23	0	1	1012
36	90	0	1	9720
21	17	0	1	714
5	9	0	1	90
42	84	0	1	10584
29	49	0	1	4263
86	47	0	1	12126
9	10	0	1	180
16	17	0	1	544
78	44	0	1	6864
92	23	0	1	2116
9	13	0	1	351
41	27	0	1	2214
87	67	0	1	11658
76	99	0	1	15048
29	85	0	1	2465
47	30	0	1	4230
43	45	0	1	1935
20	8	0	1	160
46	5	0	1	230
10	99	0	1	1980
9	98	0	1	882
74	72	0	1	15984
46	8	0	1	736
14	24	0	1	336
2	88	0	1	528
46	11	0	1	1518
34	3	0	1	306
41	31	0	1	3813
79	84	0	1	13272
49	42	0	1	4116
37	5	0	1	185
85	41	0	1	6970
33	20	0	1	660
94	47	0	1	13254
40	3	0	1	360
37	40	0	1	2960
9	13	0	1	234
99	75	0	1	22275
35	29	0	1	3045
49	4	0	1	588
12	15	0	1	360
2	23	0	1	92
84	87	0	1	14616
3	9	0	1	27
20	22	0	1	880
4	96	0	1	1152
22	40	0	1	2640
29	27	0	1	2349
19	43	0	1	1634
15	94	0	1	2820
6	10	0	1	180
38	89	0	1	3382
39	11	0	1	1287
15	36	0	1	540
3	40	0	1	240
29	45	0	1	2610
88	89	0	1	23496
40	40	0	1	3200
82	98	0	1	16072
35	30	0	1	2100
49	77	0	1	3773
15	27	0	1	405
3	2	0	1	6
14	10	0	1	280
95	85	0	1	8075
13	38	0	1	494
40	27	0	1	3240
91	39	0	1	3549
88	4	0	1	1056
40	100	0	1	4000
49	78	0	1	7644
38	87	0	1	6612
97	9	0	1	873
77	83	0	1	6391
66	52	0	1	3432
38	3	0	1	114
32	25	0	1	2400
44	5	0	1	440
41	80	0	1	9840
83	24	0	1	5976
68	72	0	1	14688
42	96	0	1	12096
91	19	0	1	3458
23	95	0	1	2185
25	77	0	1	1925
29	49	0	1	1421
27	11	0	1	297
42	2	0	1	252
53	85	0	1	9010
41	3	0	1	369
28	29	0	1	812
44	3	0	1	264
74	82	0	1	6068
41	2	0	1	246
26	22	0	1	1716
25	10	0	1	750
19	31	0	1	1767
8	22	0	1	352
11	24	0	1	528
32	10	0	1	960
81	26	0	1	6318
50	12	0	1	1200
13	31	0	1	806
5	11	0	1	110
20	5	0	1	200
39	48	0	1	1872
32	50	0	1	1600
12	85	0	1	3060
34	35	0	1	1190
36	32	0	1	3456
81	16	0	1	2592
34	27	0	1	2754
19	77	0	1	1463
17	76	0	1	2584
15	6	0	1	270
9	39	0	1	1053
97	20	0	1	3880
36	2	0	1	72
9	50	0	1	450
30	4	0	1	240
16	40	0	1	1280
25	23	0	1	1725
46	97	0	1	8924
91	17	0	1	1547
30	45	0	1	2700
85	62	0	1	5270
90	41	0	1	11070
94	62	0	1	11656
42	39	0	1	4914
2	3	0	1	12
2	2	0	1	12
37	94	0	1	6956
14	77	0	1	2156
6	42	0	1	252
6	27	0	1	324
91	44	0	1	12012
12	47	0	1	1692
13	93	0	1	1209
82	12	0	1	2952
32	76	0	1	2432
97	30	0	1	2910
88	7	0	1	1848
73	87	0	1	6351
49	84	0	1	4116
88	45	0	1	7920
16	49	0	1	784
31	20	0	1	1240
3	38	0	1	342
76	67	0	1	10184
44	25	0	1	1100
44	76	0	1	3344
46	6	0	1	276
14	48	0	1	1344
22	81	0	1	1782
10	2	0	1	20
45	19	0	1	1710
41	84	0	1	6888
40	27	0	1	3240
85	86	0	1	14620
3	19	0	1	171
9	6	0	1	162
31	11	0	1	341
40	16	0	1	1920
94	39	0	1	7332
49	41	0	1	2009
8	84	0	1	1344
36	29	0	1	1044
14	27	0	1	756
86	40	0	1	6880
96	42	0	1	8064
30	86	0	1	7740
40	89	0	1	3560
13	16	0	1	208
83	33	0	1	5478
68	89	0	1	6052
5	28	0	1	420
21	35	0	1	735
35	14	0	1	1470
90	80	0	1	14400
82	60	0	1	14760
78	67	0	1	5226
2	38	0	1	152
27	76	0	1	6156
4	17	0	1	68
44	11	0	1	968
14	31	0	1	868
76	70	0	1	5320
80	25	0	1	2000
3	90	0	1	540
91	78	0	1	14196
95	63	0	1	11970
3	15	0	1	135
76	71	0	1	16188
23	17	0	1	782
79	34	0	1	8058
50	85	0	1	12750
76	5	0	1	760
14	88	0	1	2464
14	45	0	1	1260
38	12	0	1	1368
99	70	0	1	6930
8	89	0	1	712
3	8	0	1	72
81	30	0	1	2430
95	17	0	1	1615
49	84	0	1	12348
97	61	0	1	5917
39	48	0	1	5616
10	38	0	1	380
4	50	0	1	200
37	30	0	1	2220
43	27	0	1	1161
10	92	0	1	1840
78	26	0	1	2028
6	89	0	1	1068
77	83	0	1	6391
11	34	0	1	1122
23	23	0	1	1058
23	26	0	1	598
26	10	0	1	260
39	16	0	1	624
89	97	0	1	17266
14	22	0	1	308
85	99	0	1	16830
46	18	0	1	2484
4	9	0	1	36
44	29	0	1	1276
87	40	0	1	3480
24	9	0	1	432
3	23	0	1	207
18	33	0	1	594
22	8	0	1	176
26	5	0	1	130
3	38	0	1	228
79	34	0	1	5372
8	86	0	1	1376
46	81	0	1	11178
31	18	0	1	558
35	31	0	1	2170
88	73	0	1	6424
31	32	0	1	992
11	80	0	1	1760
90	43	0	1	7740
48	82	0	1	3936
37	35	0	1	1295
23	49	0	1	3381
13	41	0	1	1066
41	80	0	1	3280
45	22	0	1	2970
9	76	0	1	2052
15	100	0	1	3000
50	19	0	1	1900
88	12	0	1	1056
22	31	0	1	2046
18	16	0	1	288
84	5	0	1	840
3	78	0	1	468
17	4	0	1	136
13	37	0	1	1443
5	7	0	1	70
33	44	0	1	4356
32	40	0	1	1280
67	75	0	1	10050
24	28	0	1	2016
67	88	0	1	5896
78	88	0	1	20592
36	27	0	1	972
34	12	0	1	816
40	35	0	1	2800
85	6	0	1	1530
5	33	0	1	495
44	32	0	1	4224
89	47	0	1	12549
89	36	0	1	6408
21	17	0	1	714
8	30	0	1	240
35	42	0	1	1470
35	29	0	1	2030
36	29	0	1	3132
13	92	0	1	2392
50	6	0	1	900
41	31	0	1	1271
42	43	0	1	1806
83	43	0	1	7138
18	24	0	1	432
26	31	0	1	806
58	74	0	1	12876
88	39	0	1	3432
9	32	0	1	576
28	22	0	1	616
6	35	0	1	630
78	95	0	1	7410
18	50	0	1	1800
21	2	0	1	42
36	29	0	1	2088
43	47	0	1	4042
22	79	0	1	5214
13	16	0	1	208
8	99	0	1	2376
79	35	0	1	8295
41	77	0	1	9471
58	90	0	1	10440
95	30	0	1	8550
15	40	0	1	1800
79	5	0	1	395
28	33	0	1	2772
4	37	0	1	148
11	37	0	1	407
23	8	0	1	552
