solucion: 1632 Iter 10000
L 30 W 30 Núm Piezas 7
(9,28)(30,30)	21	2	81
(16,0)(30,7)	14	7	254
(6,7)(9,30)	3	23	118
(3,7)(6,30)	3	23	118
(0,7)(3,30)	3	23	118
(0,0)(14,7)	14	7	254
(9,26)(30,28)	21	2	81
(13,7)(30,18)	17	11	371
(22,21)(30,26)	8	5	78
(9,21)(17,26)	8	5	78
(9,19)(30,21)	21	2	81
Instancias\Con11.txt	 MaxL 	30	 L 	30	7	1688	158.454000	TiempoBESt	-3.080000	0	2	4	5	3	1125
solucion: 216400 Iter 7683
L 600 W 400 Núm Piezas 3
(442,181)(521,236)	79	55	4345
(442,236)(521,291)	79	55	4345
(158,109)(237,164)	79	55	4345
(237,109)(316,164)	79	55	4345
(333,110)(412,165)	79	55	4345
(521,0)(600,55)	79	55	4345
(521,55)(600,110)	79	55	4345
(333,0)(412,55)	79	55	4345
(521,110)(600,165)	79	55	4345
(521,165)(600,220)	79	55	4345
(521,345)(600,400)	79	55	4345
(79,0)(158,55)	79	55	4345
(79,55)(158,110)	79	55	4345
(0,0)(79,55)	79	55	4345
(0,55)(79,110)	79	55	4345
(0,110)(79,165)	79	55	4345
(0,165)(79,220)	79	55	4345
(0,235)(79,290)	79	55	4345
(0,290)(79,345)	79	55	4345
(0,345)(79,400)	79	55	4345
(521,290)(600,345)	79	55	4345
(521,235)(600,290)	79	55	4345
(333,55)(412,110)	79	55	4345
(79,110)(158,165)	79	55	4345
(158,0)(315,109)	157	109	17113
(79,345)(158,400)	79	55	4345
(412,0)(521,79)	109	79	8611
(412,79)(521,158)	109	79	8611
(158,235)(237,290)	79	55	4345
(158,290)(237,345)	79	55	4345
(158,345)(237,400)	79	55	4345
(364,291)(521,400)	157	109	17113
(333,212)(442,291)	109	79	8611
(79,165)(158,220)	79	55	4345
(79,220)(158,275)	79	55	4345
(79,275)(158,330)	79	55	4345
(158,164)(237,219)	79	55	4345
(237,164)(316,219)	79	55	4345
(237,321)(346,400)	109	79	8611
(237,266)(316,321)	79	55	4345
Instancias\mARTA_1.txt	 MaxL 	600	 L 	400	3	233050	79.504000	TiempoBESt	-2.241000	0	2	4	5	3	239988
solucion: 232851 Iter 10000
L 600 W 400 Núm Piezas 3
(237,345)(316,400)	79	55	4345
(0,345)(79,400)	79	55	4345
(332,321)(411,376)	79	55	4345
(442,236)(521,291)	79	55	4345
(521,236)(600,291)	79	55	4345
(442,291)(551,370)	109	79	8611
(382,0)(539,109)	157	109	17113
(490,157)(569,212)	79	55	4345
(380,157)(459,212)	79	55	4345
(0,0)(109,79)	109	79	8611
(109,157)(188,212)	79	55	4345
(0,236)(109,315)	109	79	8611
(109,236)(218,315)	109	79	8611
(332,242)(411,297)	79	55	4345
(79,345)(158,400)	79	55	4345
(158,345)(237,400)	79	55	4345
(303,0)(382,55)	79	55	4345
(301,164)(380,219)	79	55	4345
(218,0)(297,55)	79	55	4345
(219,164)(298,219)	79	55	4345
solucion: 232851 Iter 10000
L 600 W 400 Núm Piezas 3
(237,345)(316,400)	79	55	4345
(0,345)(79,400)	79	55	4345
(332,321)(411,376)	79	55	4345
(442,236)(521,291)	79	55	4345
(521,236)(600,291)	79	55	4345
(442,291)(551,370)	109	79	8611
(382,0)(539,109)	157	109	17113
(490,157)(569,212)	79	55	4345
(380,157)(459,212)	79	55	4345
(0,0)(109,79)	109	79	8611
(109,157)(188,212)	79	55	4345
(0,236)(109,315)	109	79	8611
(109,236)(218,315)	109	79	8611
(332,242)(411,297)	79	55	4345
(79,345)(158,400)	79	55	4345
(158,345)(237,400)	79	55	4345
(303,0)(382,55)	79	55	4345
(301,164)(380,219)	79	55	4345
(218,0)(297,55)	79	55	4345
(219,164)(298,219)	79	55	4345
Instancias\mARTA_1.txt	 MaxL 	600	 L 	400	3	234630	81.465000	TiempoBESt	-0.003000	0	2	4	5	3	239988
solucion: 228051 Iter 10000
L 400 W 600 Núm Piezas 3
(242,0)(351,79)	109	79	8611
(242,109)(321,164)	79	55	4345
(321,109)(400,164)	79	55	4345
(79,380)(158,435)	79	55	4345
(158,380)(237,435)	79	55	4345
(158,325)(237,380)	79	55	4345
(79,301)(158,356)	79	55	4345
(79,109)(158,164)	79	55	4345
(158,109)(237,164)	79	55	4345
(157,435)(236,490)	79	55	4345
(158,545)(237,600)	79	55	4345
(0,436)(157,545)	157	109	17113
(157,490)(236,545)	79	55	4345
(79,545)(158,600)	79	55	4345
(0,545)(79,600)	79	55	4345
(79,164)(188,243)	109	79	8611
(79,0)(236,109)	157	109	17113
(243,164)(400,273)	157	109	17113
(243,273)(400,382)	157	109	17113
(243,382)(400,491)	157	109	17113
(243,491)(400,600)	157	109	17113
solucion: 232851 Iter 10000
L 600 W 400 Núm Piezas 3
(237,345)(316,400)	79	55	4345
(0,345)(79,400)	79	55	4345
(332,321)(411,376)	79	55	4345
(442,236)(521,291)	79	55	4345
(521,236)(600,291)	79	55	4345
(442,291)(551,370)	109	79	8611
(382,0)(539,109)	157	109	17113
(490,157)(569,212)	79	55	4345
(380,157)(459,212)	79	55	4345
(0,0)(109,79)	109	79	8611
(109,157)(188,212)	79	55	4345
(0,236)(109,315)	109	79	8611
(109,236)(218,315)	109	79	8611
(332,242)(411,297)	79	55	4345
(79,345)(158,400)	79	55	4345
(158,345)(237,400)	79	55	4345
(303,0)(382,55)	79	55	4345
(301,164)(380,219)	79	55	4345
(218,0)(297,55)	79	55	4345
(219,164)(298,219)	79	55	4345
Instancias\mARTA_1.txt	 MaxL 	600	 L 	400	3	234630	172.221000	TiempoBESt	-0.003000	0	2	4	5	3	239988
solucion: 232851 Iter 10000
L 600 W 400 Núm Piezas 3
(237,345)(316,400)	79	55	4345
(0,345)(79,400)	79	55	4345
(332,321)(411,376)	79	55	4345
(442,236)(521,291)	79	55	4345
(521,236)(600,291)	79	55	4345
(442,291)(551,370)	109	79	8611
(382,0)(539,109)	157	109	17113
(490,157)(569,212)	79	55	4345
(380,157)(459,212)	79	55	4345
(0,0)(109,79)	109	79	8611
(109,157)(188,212)	79	55	4345
(0,236)(109,315)	109	79	8611
(109,236)(218,315)	109	79	8611
(332,242)(411,297)	79	55	4345
(79,345)(158,400)	79	55	4345
(158,345)(237,400)	79	55	4345
(303,0)(382,55)	79	55	4345
(301,164)(380,219)	79	55	4345
(218,0)(297,55)	79	55	4345
(219,164)(298,219)	79	55	4345
Instancias\mARTA_1.txt	 MaxL 	600	 L 	400	3	234630	82.095000	TiempoBESt	-0.003000	0	2	4	5	3	239988
solucion: 228051 Iter 10000
L 400 W 600 Núm Piezas 3
(242,0)(351,79)	109	79	8611
(242,109)(321,164)	79	55	4345
(321,109)(400,164)	79	55	4345
(79,380)(158,435)	79	55	4345
(158,380)(237,435)	79	55	4345
(158,325)(237,380)	79	55	4345
(79,301)(158,356)	79	55	4345
(79,109)(158,164)	79	55	4345
(158,109)(237,164)	79	55	4345
(157,435)(236,490)	79	55	4345
(158,545)(237,600)	79	55	4345
(0,436)(157,545)	157	109	17113
(157,490)(236,545)	79	55	4345
(79,545)(158,600)	79	55	4345
(0,545)(79,600)	79	55	4345
(79,164)(188,243)	109	79	8611
(79,0)(236,109)	157	109	17113
(243,164)(400,273)	157	109	17113
(243,273)(400,382)	157	109	17113
(243,382)(400,491)	157	109	17113
(243,491)(400,600)	157	109	17113
Instancias\mARTA_2.txt	 MaxL 	400	 L 	600	3	237000	378.647000	TiempoBESt	-0.002000	0	2	4	5	3	239988
solucion: 228051 Iter 10000
L 400 W 600 Núm Piezas 3
(242,0)(351,79)	109	79	8611
(242,109)(321,164)	79	55	4345
(321,109)(400,164)	79	55	4345
(79,380)(158,435)	79	55	4345
(158,380)(237,435)	79	55	4345
(158,325)(237,380)	79	55	4345
(79,301)(158,356)	79	55	4345
(79,109)(158,164)	79	55	4345
(158,109)(237,164)	79	55	4345
(157,435)(236,490)	79	55	4345
(158,545)(237,600)	79	55	4345
(0,436)(157,545)	157	109	17113
(157,490)(236,545)	79	55	4345
(79,545)(158,600)	79	55	4345
(0,545)(79,600)	79	55	4345
(79,164)(188,243)	109	79	8611
(79,0)(236,109)	157	109	17113
(243,164)(400,273)	157	109	17113
(243,273)(400,382)	157	109	17113
(243,382)(400,491)	157	109	17113
(243,491)(400,600)	157	109	17113
Instancias\mARTA_2.txt	 MaxL 	400	 L 	600	3	237000	41.701000	TiempoBESt	-0.003000	0	2	4	5	3	239988
solucion: 228051 Iter 10000
L 400 W 600 Núm Piezas 3
(242,0)(351,79)	109	79	8611
(242,109)(321,164)	79	55	4345
(321,109)(400,164)	79	55	4345
(79,380)(158,435)	79	55	4345
(158,380)(237,435)	79	55	4345
(158,325)(237,380)	79	55	4345
(79,301)(158,356)	79	55	4345
(79,109)(158,164)	79	55	4345
(158,109)(237,164)	79	55	4345
(157,435)(236,490)	79	55	4345
(158,545)(237,600)	79	55	4345
(0,436)(157,545)	157	109	17113
(157,490)(236,545)	79	55	4345
(79,545)(158,600)	79	55	4345
(0,545)(79,600)	79	55	4345
(79,164)(188,243)	109	79	8611
(79,0)(236,109)	157	109	17113
(243,164)(400,273)	157	109	17113
(243,273)(400,382)	157	109	17113
(243,382)(400,491)	157	109	17113
(243,491)(400,600)	157	109	17113
Instancias\mARTA_2.txt	 MaxL 	400	 L 	600	3	237000	136.786000	TiempoBESt	-2.233000	0	2	4	5	3	239988
solucion: 228051 Iter 10000
L 400 W 600 Núm Piezas 3
(242,0)(351,79)	109	79	8611
(242,109)(321,164)	79	55	4345
(321,109)(400,164)	79	55	4345
(79,380)(158,435)	79	55	4345
(158,380)(237,435)	79	55	4345
(158,325)(237,380)	79	55	4345
(79,301)(158,356)	79	55	4345
(79,109)(158,164)	79	55	4345
(158,109)(237,164)	79	55	4345
(157,435)(236,490)	79	55	4345
(158,545)(237,600)	79	55	4345
(0,436)(157,545)	157	109	17113
(157,490)(236,545)	79	55	4345
(79,545)(158,600)	79	55	4345
(0,545)(79,600)	79	55	4345
(79,164)(188,243)	109	79	8611
(79,0)(236,109)	157	109	17113
(243,164)(400,273)	157	109	17113
(243,273)(400,382)	157	109	17113
(243,382)(400,491)	157	109	17113
(243,491)(400,600)	157	109	17113
Instancias\mARTA_2.txt	 MaxL 	400	 L 	600	3	237000	208.690000	TiempoBESt	-2.205000	0	2	4	5	3	239988
solucion: 228051 Iter 10000
L 400 W 600 Núm Piezas 3
(242,0)(351,79)	109	79	8611
(242,109)(321,164)	79	55	4345
(321,109)(400,164)	79	55	4345
(79,380)(158,435)	79	55	4345
(158,380)(237,435)	79	55	4345
(158,325)(237,380)	79	55	4345
(79,301)(158,356)	79	55	4345
(79,109)(158,164)	79	55	4345
(158,109)(237,164)	79	55	4345
(157,435)(236,490)	79	55	4345
(158,545)(237,600)	79	55	4345
(0,436)(157,545)	157	109	17113
(157,490)(236,545)	79	55	4345
(79,545)(158,600)	79	55	4345
(0,545)(79,600)	79	55	4345
(79,164)(188,243)	109	79	8611
(79,0)(236,109)	157	109	17113
(243,164)(400,273)	157	109	17113
(243,273)(400,382)	157	109	17113
(243,382)(400,491)	157	109	17113
(243,491)(400,600)	157	109	17113
Instancias\mARTA_2.txt	 MaxL 	400	 L 	600	3	237000	39.032000	TiempoBESt	-0.003000	0	2	4	5	3	239988
solucion: 237000 Iter 7
L 400 W 600 Núm Piezas 3
(79,0)(158,55)	79	55	4345
(163,545)(242,600)	79	55	4345
(242,545)(321,600)	79	55	4345
(321,0)(400,55)	79	55	4345
(0,0)(79,55)	79	55	4345
(163,436)(272,515)	109	79	8611
(163,327)(272,406)	109	79	8611
(0,491)(109,570)	109	79	8611
(0,382)(109,461)	109	79	8611
(163,109)(272,188)	109	79	8611
(163,218)(272,297)	109	79	8611
(0,55)(109,134)	109	79	8611
(0,273)(109,352)	109	79	8611
(163,0)(272,79)	109	79	8611
(0,164)(109,243)	109	79	8611
Instancias\mARTA_2.txt	 MaxL 	400	 L 	600	3	237000	180.828000	TiempoBESt	-1.119000	0	2	4	5	3	239988
solucion: 232851 Iter 10000
L 600 W 400 Núm Piezas 3
(237,345)(316,400)	79	55	4345
(0,345)(79,400)	79	55	4345
(332,321)(411,376)	79	55	4345
(442,236)(521,291)	79	55	4345
(521,236)(600,291)	79	55	4345
(442,291)(551,370)	109	79	8611
(382,0)(539,109)	157	109	17113
(490,157)(569,212)	79	55	4345
(380,157)(459,212)	79	55	4345
(0,0)(109,79)	109	79	8611
(109,157)(188,212)	79	55	4345
(0,236)(109,315)	109	79	8611
(109,236)(218,315)	109	79	8611
(332,242)(411,297)	79	55	4345
(79,345)(158,400)	79	55	4345
(158,345)(237,400)	79	55	4345
(303,0)(382,55)	79	55	4345
(301,164)(380,219)	79	55	4345
(218,0)(297,55)	79	55	4345
(219,164)(298,219)	79	55	4345
Instancias\mARTA_1.txt	 MaxL 	600	 L 	400	3	234630	123.413000	TiempoBESt	-0.006000	0	2	4	5	3	239988
solucion: 228051 Iter 10000
L 400 W 600 Núm Piezas 3
(242,0)(351,79)	109	79	8611
(242,109)(321,164)	79	55	4345
(321,109)(400,164)	79	55	4345
(79,380)(158,435)	79	55	4345
(158,380)(237,435)	79	55	4345
(158,325)(237,380)	79	55	4345
(79,301)(158,356)	79	55	4345
(79,109)(158,164)	79	55	4345
(158,109)(237,164)	79	55	4345
(157,435)(236,490)	79	55	4345
(158,545)(237,600)	79	55	4345
(0,436)(157,545)	157	109	17113
(157,490)(236,545)	79	55	4345
(79,545)(158,600)	79	55	4345
(0,545)(79,600)	79	55	4345
(79,164)(188,243)	109	79	8611
(79,0)(236,109)	157	109	17113
(243,164)(400,273)	157	109	17113
(243,273)(400,382)	157	109	17113
(243,382)(400,491)	157	109	17113
(243,491)(400,600)	157	109	17113
Instancias\mARTA_2.txt	 MaxL 	400	 L 	600	3	237000	131.034000	TiempoBESt	-0.003000	0	2	4	5	3	239988
solucion: 232851 Iter 10000
L 600 W 400 Núm Piezas 3
(237,345)(316,400)	79	55	4345
(0,345)(79,400)	79	55	4345
(332,321)(411,376)	79	55	4345
(442,236)(521,291)	79	55	4345
(521,236)(600,291)	79	55	4345
(442,291)(551,370)	109	79	8611
(382,0)(539,109)	157	109	17113
(490,157)(569,212)	79	55	4345
(380,157)(459,212)	79	55	4345
(0,0)(109,79)	109	79	8611
(109,157)(188,212)	79	55	4345
(0,236)(109,315)	109	79	8611
(109,236)(218,315)	109	79	8611
(332,242)(411,297)	79	55	4345
(79,345)(158,400)	79	55	4345
(158,345)(237,400)	79	55	4345
(303,0)(382,55)	79	55	4345
(301,164)(380,219)	79	55	4345
(218,0)(297,55)	79	55	4345
(219,164)(298,219)	79	55	4345
Instancias\mARTA_1.txt	 MaxL 	600	 L 	400	3	234630	5211.149000	TiempoBESt	-0.003000	0	2	4	5	3	239988
solucion: 206302 Iter 7278
L 600 W 400 Núm Piezas 3
(79,0)(158,55)	79	55	4345
(158,0)(237,55)	79	55	4345
(237,0)(316,55)	79	55	4345
(128,163)(207,218)	79	55	4345
(238,163)(347,242)	109	79	8611
(238,242)(347,321)	109	79	8611
(238,321)(347,400)	109	79	8611
(128,266)(207,321)	79	55	4345
(0,0)(79,55)	79	55	4345
(0,163)(109,242)	109	79	8611
(0,242)(109,321)	109	79	8611
(0,321)(109,400)	109	79	8611
(521,235)(600,290)	79	55	4345
(521,290)(600,345)	79	55	4345
(363,345)(442,400)	79	55	4345
(442,345)(521,400)	79	55	4345
(109,345)(188,400)	79	55	4345
(521,345)(600,400)	79	55	4345
(521,109)(600,164)	79	55	4345
(521,180)(600,235)	79	55	4345
(442,0)(521,55)	79	55	4345
(442,55)(521,110)	79	55	4345
(442,110)(521,165)	79	55	4345
(442,165)(521,220)	79	55	4345
(363,0)(442,55)	79	55	4345
(363,55)(442,110)	79	55	4345
(363,110)(442,165)	79	55	4345
(363,165)(442,220)	79	55	4345
(36,84)(145,163)	109	79	8611
(145,84)(254,163)	109	79	8611
(254,84)(363,163)	109	79	8611
solucion: 219944 Iter 9488
L 600 W 400 Núm Piezas 3
(0,109)(157,218)	157	109	17113
(236,109)(315,164)	79	55	4345
(315,109)(394,164)	79	55	4345
(236,164)(315,219)	79	55	4345
(0,321)(79,376)	79	55	4345
(79,321)(158,376)	79	55	4345
(158,321)(237,376)	79	55	4345
(237,321)(316,376)	79	55	4345
(0,242)(79,297)	79	55	4345
(334,291)(491,400)	157	109	17113
(521,345)(600,400)	79	55	4345
(0,0)(157,109)	157	109	17113
(411,109)(490,164)	79	55	4345
(443,0)(600,109)	157	109	17113
(490,109)(569,164)	79	55	4345
(332,182)(441,261)	109	79	8611
(110,242)(189,297)	79	55	4345
(189,242)(268,297)	79	55	4345
(157,0)(236,55)	79	55	4345
(157,55)(236,110)	79	55	4345
(157,110)(236,165)	79	55	4345
(157,165)(236,220)	79	55	4345
solucion: 223559 Iter 10000
L 600 W 400 Núm Piezas 2
(0,321)(109,400)	109	79	8611
(109,243)(266,352)	157	109	17113
(266,243)(423,352)	157	109	17113
(164,158)(273,237)	109	79	8611
(273,158)(382,237)	109	79	8611
(382,158)(491,237)	109	79	8611
(491,158)(600,237)	109	79	8611
(164,0)(273,79)	109	79	8611
(273,0)(382,79)	109	79	8611
(382,0)(491,79)	109	79	8611
(491,0)(600,79)	109	79	8611
(164,79)(273,158)	109	79	8611
(273,79)(382,158)	109	79	8611
(382,79)(491,158)	109	79	8611
(491,79)(600,158)	109	79	8611
(0,242)(109,321)	109	79	8611
(0,0)(109,79)	109	79	8611
(0,109)(109,188)	109	79	8611
(442,291)(551,370)	109	79	8611
Instancias\mARTA_4.txt	 MaxL 	600	 L 	400	2	223886	863.177000	TiempoBESt	-0.003000	0	2	4	5	3	239909
Instancias\mARTA_3.txt	 MaxL 	600	 L 	400	3	233404	1203.164000	TiempoBESt	-0.003000	0	2	4	5	3	239988
solucion: 231743 Iter 5339
L 600 W 400 Núm Piezas 4
(109,109)(188,164)	79	55	4345
(109,164)(188,219)	79	55	4345
(109,235)(188,290)	79	55	4345
(109,290)(188,345)	79	55	4345
(109,345)(188,400)	79	55	4345
(380,120)(459,175)	79	55	4345
(459,120)(538,175)	79	55	4345
(390,201)(510,236)	120	35	4200
(390,236)(510,271)	120	35	4200
(390,271)(510,306)	120	35	4200
(270,207)(390,242)	120	35	4200
(270,321)(349,376)	79	55	4345
(490,321)(569,376)	79	55	4345
(380,321)(459,376)	79	55	4345
(0,321)(109,400)	109	79	8611
(443,0)(600,109)	157	109	17113
(280,242)(359,297)	79	55	4345
(268,0)(388,35)	120	35	4200
(268,35)(388,70)	120	35	4200
(268,70)(388,105)	120	35	4200
(109,0)(266,109)	157	109	17113
(267,120)(346,175)	79	55	4345
(188,125)(267,180)	79	55	4345
(188,180)(267,235)	79	55	4345
(188,235)(267,290)	79	55	4345
(188,290)(267,345)	79	55	4345
(188,345)(267,400)	79	55	4345
solucion: 228796 Iter 5346
L 600 W 400 Núm Piezas 4
(501,0)(580,55)	79	55	4345
(501,55)(580,110)	79	55	4345
(109,0)(188,55)	79	55	4345
(109,55)(188,110)	79	55	4345
(109,235)(188,290)	79	55	4345
(109,290)(188,345)	79	55	4345
(109,345)(188,400)	79	55	4345
(380,120)(459,175)	79	55	4345
(459,120)(538,175)	79	55	4345
(390,201)(510,236)	120	35	4200
(390,236)(510,271)	120	35	4200
(390,271)(510,306)	120	35	4200
(270,321)(349,376)	79	55	4345
(490,321)(569,376)	79	55	4345
(380,321)(459,376)	79	55	4345
(280,242)(359,297)	79	55	4345
(188,125)(267,180)	79	55	4345
(188,180)(267,235)	79	55	4345
(188,235)(267,290)	79	55	4345
(188,290)(267,345)	79	55	4345
(188,345)(267,400)	79	55	4345
(109,110)(188,165)	79	55	4345
(109,165)(188,220)	79	55	4345
(188,0)(267,55)	79	55	4345
(188,55)(267,110)	79	55	4345
(0,0)(109,79)	109	79	8611
(0,79)(109,158)	109	79	8611
(0,158)(109,237)	109	79	8611
(0,237)(109,316)	109	79	8611
(0,316)(109,395)	109	79	8611
(270,0)(349,55)	79	55	4345
(392,0)(501,79)	109	79	8611
(270,79)(349,134)	79	55	4345
(267,158)(346,213)	79	55	4345
(381,79)(501,114)	120	35	4200
Instancias\mARTA_5.txt	 MaxL 	600	 L 	400	4	236896	215.152000	TiempoBESt	-0.002000	0	2	4	5	3	240000
Instancias\mARTA_5.txt	 MaxL 	600	 L 	400	4	236896	203.709000	TiempoBESt	-0.003000	0	2	4	5	3	240000
solucion: 232063 Iter 5341
L 600 W 400 Núm Piezas 4
(381,0)(460,55)	79	55	4345
(381,55)(460,110)	79	55	4345
(109,109)(188,164)	79	55	4345
(109,164)(188,219)	79	55	4345
(109,235)(188,290)	79	55	4345
(109,290)(188,345)	79	55	4345
(109,345)(188,400)	79	55	4345
(380,120)(459,175)	79	55	4345
(459,120)(538,175)	79	55	4345
(390,201)(510,236)	120	35	4200
(390,236)(510,271)	120	35	4200
(390,271)(510,306)	120	35	4200
(270,321)(349,376)	79	55	4345
(490,321)(569,376)	79	55	4345
(380,321)(459,376)	79	55	4345
(0,321)(109,400)	109	79	8611
(280,242)(359,297)	79	55	4345
(109,0)(266,109)	157	109	17113
(188,125)(267,180)	79	55	4345
(188,180)(267,235)	79	55	4345
(188,235)(267,290)	79	55	4345
(188,290)(267,345)	79	55	4345
(188,345)(267,400)	79	55	4345
(460,0)(580,35)	120	35	4200
(460,35)(580,70)	120	35	4200
(460,70)(580,105)	120	35	4200
(267,0)(376,79)	109	79	8611
(267,79)(376,158)	109	79	8611
(267,158)(376,237)	109	79	8611
solucion: 232511 Iter 3751
L 600 W 400 Núm Piezas 4
(412,180)(491,235)	79	55	4345
(412,235)(491,290)	79	55	4345
(412,290)(491,345)	79	55	4345
(237,290)(316,345)	79	55	4345
(158,290)(237,345)	79	55	4345
(120,0)(240,35)	120	35	4200
(240,0)(360,35)	120	35	4200
(360,0)(480,35)	120	35	4200
(0,90)(120,125)	120	35	4200
(120,90)(240,125)	120	35	4200
(240,90)(360,125)	120	35	4200
(360,90)(480,125)	120	35	4200
(0,180)(79,235)	79	55	4345
(0,235)(79,290)	79	55	4345
(0,290)(79,345)	79	55	4345
(0,0)(120,35)	120	35	4200
(79,290)(158,345)	79	55	4345
(79,235)(158,290)	79	55	4345
(254,35)(333,90)	79	55	4345
(333,35)(412,90)	79	55	4345
(412,35)(491,90)	79	55	4345
(79,180)(158,235)	79	55	4345
(0,345)(79,400)	79	55	4345
(79,345)(158,400)	79	55	4345
(158,345)(237,400)	79	55	4345
(237,345)(316,400)	79	55	4345
(316,345)(395,400)	79	55	4345
(395,345)(474,400)	79	55	4345
(491,0)(600,79)	109	79	8611
(0,35)(79,90)	79	55	4345
(79,35)(158,90)	79	55	4345
(158,35)(237,90)	79	55	4345
(158,181)(315,290)	157	109	17113
(0,125)(79,180)	79	55	4345
(79,125)(158,180)	79	55	4345
(158,125)(237,180)	79	55	4345
(237,125)(316,180)	79	55	4345
(316,125)(395,180)	79	55	4345
(412,125)(491,180)	79	55	4345
(333,180)(412,235)	79	55	4345
Instancias\mARTA_5.txt	 MaxL 	600	 L 	400	4	236896	159.324000	TiempoBESt	-2.435000	0	2	4	5	3	240000
Instancias\mARTA_5.txt	 MaxL 	600	 L 	400	4	236896	238.194000	TiempoBESt	-0.004000	0	2	4	5	3	240000
solucion: 223559 Iter 10000
L 600 W 400 Núm Piezas 2
(0,321)(109,400)	109	79	8611
(109,243)(266,352)	157	109	17113
(266,243)(423,352)	157	109	17113
(164,158)(273,237)	109	79	8611
(273,158)(382,237)	109	79	8611
(382,158)(491,237)	109	79	8611
(491,158)(600,237)	109	79	8611
(164,0)(273,79)	109	79	8611
(273,0)(382,79)	109	79	8611
(382,0)(491,79)	109	79	8611
(491,0)(600,79)	109	79	8611
(164,79)(273,158)	109	79	8611
(273,79)(382,158)	109	79	8611
(382,79)(491,158)	109	79	8611
(491,79)(600,158)	109	79	8611
(0,242)(109,321)	109	79	8611
(0,0)(109,79)	109	79	8611
(0,109)(109,188)	109	79	8611
(442,291)(551,370)	109	79	8611
Instancias\mARTA_4.txt	 MaxL 	600	 L 	400	2	223886	115.980000	TiempoBESt	-0.002000	0	2	4	5	3	239909
solucion: 228179 Iter 9586
L 600 W 400 Núm Piezas 3
(325,321)(404,376)	79	55	4345
(404,321)(483,376)	79	55	4345
(483,321)(562,376)	79	55	4345
(332,242)(411,297)	79	55	4345
(442,266)(521,321)	79	55	4345
(0,0)(79,55)	79	55	4345
(521,266)(600,321)	79	55	4345
(382,0)(539,109)	157	109	17113
(0,212)(109,291)	109	79	8611
(272,0)(351,55)	79	55	4345
(272,79)(351,134)	79	55	4345
(270,158)(349,213)	79	55	4345
(442,157)(551,236)	109	79	8611
(109,236)(188,291)	79	55	4345
(188,236)(267,291)	79	55	4345
(11,291)(168,400)	157	109	17113
(168,291)(325,400)	157	109	17113
(113,18)(270,127)	157	109	17113
(113,127)(270,236)	157	109	17113
Instancias\mARTA_3.txt	 MaxL 	600	 L 	400	3	233404	116.108000	TiempoBESt	-0.003000	0	2	4	5	3	239988
solucion: 220222 Iter 7162
L 600 W 400 Núm Piezas 3
(109,321)(188,376)	79	55	4345
(188,321)(267,376)	79	55	4345
(442,55)(551,134)	109	79	8611
(109,79)(188,134)	79	55	4345
(188,79)(267,134)	79	55	4345
(267,79)(346,134)	79	55	4345
(346,79)(425,134)	79	55	4345
(442,0)(521,55)	79	55	4345
(521,0)(600,55)	79	55	4345
(491,164)(600,243)	109	79	8611
(382,187)(491,266)	109	79	8611
(382,321)(491,400)	109	79	8611
(412,266)(491,321)	79	55	4345
(109,187)(188,242)	79	55	4345
(303,158)(382,213)	79	55	4345
(332,0)(411,55)	79	55	4345
(273,242)(382,321)	109	79	8611
(188,158)(267,213)	79	55	4345
(109,0)(218,79)	109	79	8611
(218,0)(327,79)	109	79	8611
(0,0)(109,79)	109	79	8611
(0,79)(109,158)	109	79	8611
(0,158)(109,237)	109	79	8611
(0,237)(109,316)	109	79	8611
(0,316)(109,395)	109	79	8611
(140,242)(249,321)	109	79	8611
Instancias\mARTA_2.txt	 MaxL 	600	 L 	400	3	233810	124.179000	TiempoBESt	-0.003000	0	2	4	5	3	238155
solucion: 232851 Iter 10000
L 600 W 400 Núm Piezas 3
(237,345)(316,400)	79	55	4345
(0,345)(79,400)	79	55	4345
(332,321)(411,376)	79	55	4345
(442,236)(521,291)	79	55	4345
(521,236)(600,291)	79	55	4345
(442,291)(551,370)	109	79	8611
(382,0)(539,109)	157	109	17113
(490,157)(569,212)	79	55	4345
(380,157)(459,212)	79	55	4345
(0,0)(109,79)	109	79	8611
(109,157)(188,212)	79	55	4345
(0,236)(109,315)	109	79	8611
(109,236)(218,315)	109	79	8611
(332,242)(411,297)	79	55	4345
(79,345)(158,400)	79	55	4345
(158,345)(237,400)	79	55	4345
(303,0)(382,55)	79	55	4345
(301,164)(380,219)	79	55	4345
(218,0)(297,55)	79	55	4345
(219,164)(298,219)	79	55	4345
Instancias\mARTA_1.txt	 MaxL 	600	 L 	400	3	234630	179.455000	TiempoBESt	-0.003000	0	2	4	5	3	239988
solucion: 228051 Iter 10000
L 400 W 600 Núm Piezas 3
(242,0)(351,79)	109	79	8611
(242,109)(321,164)	79	55	4345
(321,109)(400,164)	79	55	4345
(79,380)(158,435)	79	55	4345
(158,380)(237,435)	79	55	4345
(158,325)(237,380)	79	55	4345
(79,301)(158,356)	79	55	4345
(79,109)(158,164)	79	55	4345
(158,109)(237,164)	79	55	4345
(157,435)(236,490)	79	55	4345
(158,545)(237,600)	79	55	4345
(0,436)(157,545)	157	109	17113
(157,490)(236,545)	79	55	4345
(79,545)(158,600)	79	55	4345
(0,545)(79,600)	79	55	4345
(79,164)(188,243)	109	79	8611
(79,0)(236,109)	157	109	17113
(243,164)(400,273)	157	109	17113
(243,273)(400,382)	157	109	17113
(243,382)(400,491)	157	109	17113
(243,491)(400,600)	157	109	17113
Instancias\mARTA_1.txt	 MaxL 	400	 L 	600	3	237000	96.172000	TiempoBESt	-0.003000	0	2	4	5	3	239988
solucion: 228803 Iter 10000
L 400 W 600 Núm Piezas 3
(321,0)(400,55)	79	55	4345
(157,545)(236,600)	79	55	4345
(0,0)(79,55)	79	55	4345
(79,218)(158,273)	79	55	4345
(0,382)(157,491)	157	109	17113
(0,491)(157,600)	157	109	17113
(163,0)(242,55)	79	55	4345
(163,55)(242,110)	79	55	4345
(163,110)(242,165)	79	55	4345
(163,165)(242,220)	79	55	4345
(163,220)(242,275)	79	55	4345
(163,275)(242,330)	79	55	4345
(163,330)(242,385)	79	55	4345
(163,385)(242,440)	79	55	4345
(163,440)(242,495)	79	55	4345
(242,0)(321,55)	79	55	4345
(242,55)(321,110)	79	55	4345
(242,110)(321,165)	79	55	4345
(242,165)(321,220)	79	55	4345
(242,220)(321,275)	79	55	4345
(242,275)(321,330)	79	55	4345
(242,330)(321,385)	79	55	4345
(242,436)(321,491)	79	55	4345
Instancias\mARTA_2.txt	 MaxL 	400	 L 	600	3	236891	104.359000	TiempoBESt	-0.003000	0	2	4	5	3	238155
solucion: 232614 Iter 10000
L 400 W 600 Núm Piezas 3
(242,55)(351,134)	109	79	8611
(79,0)(158,55)	79	55	4345
(79,55)(236,164)	157	109	17113
(79,164)(236,273)	157	109	17113
(79,273)(236,382)	157	109	17113
(79,382)(236,491)	157	109	17113
(79,491)(188,570)	109	79	8611
(158,0)(237,55)	79	55	4345
(237,0)(316,55)	79	55	4345
(316,0)(395,55)	79	55	4345
(0,0)(79,55)	79	55	4345
(0,55)(79,110)	79	55	4345
(0,110)(79,165)	79	55	4345
(0,165)(79,220)	79	55	4345
(0,220)(79,275)	79	55	4345
(0,275)(79,330)	79	55	4345
(0,330)(79,385)	79	55	4345
(0,385)(79,440)	79	55	4345
(0,440)(79,495)	79	55	4345
(0,495)(79,550)	79	55	4345
Instancias\mARTA_3.txt	 MaxL 	400	 L 	600	3	236564	92.111000	TiempoBESt	-0.003000	0	2	4	5	3	239988
solucion: 145842 Iter 10000
L 400 W 600 Núm Piezas 2
(163,79)(272,158)	109	79	8611
(272,79)(381,158)	109	79	8611
(49,491)(206,600)	157	109	17113
(0,382)(157,491)	157	109	17113
(109,273)(266,382)	157	109	17113
(49,0)(158,79)	109	79	8611
(158,0)(267,79)	109	79	8611
(0,109)(109,188)	109	79	8611
(0,188)(109,267)	109	79	8611
Instancias\mARTA_4.txt	 MaxL 	400	 L 	600	2	223886	90.188000	TiempoBESt	-0.003000	0	2	4	5	3	239909
solucion: 236266 Iter 9795
L 400 W 600 Núm Piezas 4
(158,219)(237,274)	79	55	4345
(321,218)(400,273)	79	55	4345
(0,382)(157,491)	157	109	17113
(0,491)(157,600)	157	109	17113
(158,345)(237,400)	79	55	4345
(158,400)(237,455)	79	55	4345
(157,455)(236,510)	79	55	4345
(79,0)(158,55)	79	55	4345
(157,545)(236,600)	79	55	4345
(160,510)(280,545)	120	35	4200
(160,275)(280,310)	120	35	4200
(242,400)(321,455)	79	55	4345
(321,400)(400,455)	79	55	4345
(242,455)(321,510)	79	55	4345
(242,545)(321,600)	79	55	4345
(321,545)(400,600)	79	55	4345
(280,510)(400,545)	120	35	4200
(0,0)(79,55)	79	55	4345
(321,455)(400,510)	79	55	4345
(321,345)(400,400)	79	55	4345
(280,275)(400,310)	120	35	4200
(280,310)(400,345)	120	35	4200
(242,345)(321,400)	79	55	4345
(160,310)(280,345)	120	35	4200
(242,218)(321,273)	79	55	4345
(1,55)(158,164)	157	109	17113
(1,164)(158,273)	157	109	17113
(1,273)(158,382)	157	109	17113
(237,0)(394,109)	157	109	17113
(242,109)(351,188)	109	79	8611
(163,109)(242,164)	79	55	4345
(163,164)(242,219)	79	55	4345
Instancias\mARTA_5.txt	 MaxL 	400	 L 	600	4	237315	93.806000	TiempoBESt	-0.003000	0	2	4	5	3	240000
