Mejora lenta con reactive
Ap1.txt	10	10	5	10	164	164	0.050000
Ap2.txt	10	10	7	17	230	230	0.000000
Ap3.txt	10	10	10	21	247	247	0.000000
Ap4.txt	15	10	5	7	268	268	0.000000
Ap5.txt	15	10	7	14	358	358	0.000000
Ap6.txt	15	10	10	15	289	289	0.000000
Ap7.txt	20	20	5	8	430	430	0.000000
Ap8.txt	20	20	7	13	834	834	0.110000
Ap9.txt	20	20	10	18	924	924	0.000000
Ap10.txt	30	30	5	13	1452	1452	0.000000
Ap11.txt	30	30	7	15	1688	1688	0.000000
Ap12.txt	30	30	10	22	1865	1865	0.170000
Ap13.txt	30	30	7	7	1178	1178	0.000000
Ap14.txt	30	30	15	15	1270	1270	0.000000
Ap15.txt	70	40	19	42	2726	2726	0.000000
Ap16.txt	40	70	20	62	1840	1860	0.330000
Ap17.txt	100	100	15	50	27589	27718	1.040000
Ap18.txt	100	100	30	30	21976	22502	1.100000
Ap19.txt	100	100	30	30	23743	24019	1.210000
Ap20.txt	100	100	33	61	32893	32893	0.270000
Ap21.txt	100	100	29	97	27923	27923	0.000000
tfs1_1.txt	100	100	40	40	27852	29955	0.990000
tfs1_2.txt	100	100	40	40	28277	30000	1.650000
tfs1_3.txt	100	100	40	40	27849	30000	1.590000
tfs1_4.txt	100	100	40	40	28494	30000	1.320000
tfs1_5.txt	100	100	40	40	28677	30000	1.810000
tfs1_6.txt	100	100	40	40	27686	30000	1.870000
tfs1_7.txt	100	100	40	40	28270	29994	3.630000
tfs1_8.txt	100	100	40	40	27780	30000	3.400000
tfs1_9.txt	100	100	40	40	28036	30000	3.180000
tfs1_10.txt	100	100	40	40	28936	29982	1.750000
tfs1_11.txt	100	100	40	120	28612	30000	9.000000
tfs1_12.txt	100	100	40	120	29436	30000	3.070000
tfs1_13.txt	100	100	40	120	29559	30000	4.120000
tfs1_14.txt	100	100	40	120	29154	30000	3.680000
tfs1_15.txt	100	100	40	120	29496	30000	5.540000
tfs1_16.txt	100	100	40	120	29388	30000	1.050000
tfs1_17.txt	100	100	40	120	27996	30000	1.920000
tfs1_18.txt	100	100	40	120	29408	30000	4.510000
tfs1_19.txt	100	100	40	120	29712	30000	6.700000
tfs1_20.txt	100	100	40	120	29112	30000	2.200000
tfs1_21.txt	100	100	40	160	29700	30000	0.990000
tfs1_22.txt	100	100	40	160	29586	30000	3.790000
tfs1_23.txt	100	100	40	160	29532	30000	3.740000
tfs1_24.txt	100	100	40	160	29240	30000	1.370000
tfs1_25.txt	100	100	40	160	29622	30000	3.240000
tfs1_26.txt	100	100	40	160	28940	30000	3.190000
tfs1_27.txt	100	100	40	160	29676	30000	3.020000
tfs1_28.txt	100	100	40	160	29517	30000	7.630000
tfs1_29.txt	100	100	40	160	29028	30000	2.310000
tfs1_30.txt	100	100	40	160	29296	30000	1.480000
tfs1_31.txt	100	100	50	50	29245	30000	2.250000
tfs1_32.txt	100	100	50	50	28400	29994	1.040000
tfs1_33.txt	100	100	50	50	28824	30000	2.580000
tfs1_34.txt	100	100	50	50	27693	30000	4.780000
tfs1_35.txt	100	100	50	50	28416	30000	2.310000
tfs1_36.txt	100	100	50	50	28580	30000	2.800000
tfs1_37.txt	100	100	50	50	29648	30000	1.320000
tfs1_38.txt	100	100	50	50	28310	30000	2.200000
tfs1_39.txt	100	100	50	50	29514	30000	4.620000
tfs1_40.txt	100	100	50	50	28257	30000	2.310000
tfs1_41.txt	100	100	50	150	29550	30000	4.120000
tfs1_42.txt	100	100	50	150	29800	30000	3.680000
tfs1_43.txt	100	100	50	150	29556	30000	3.180000
tfs1_44.txt	100	100	50	150	29397	30000	5.490000
tfs1_45.txt	100	100	50	150	29541	30000	3.460000
tfs1_46.txt	100	100	50	150	29371	30000	4.620000
tfs1_47.txt	100	100	50	150	29434	30000	3.510000
tfs1_48.txt	100	100	50	150	29370	30000	2.300000
tfs1_49.txt	100	100	50	150	29562	30000	3.470000
tfs1_50.txt	100	100	50	150	29298	30000	1.650000
tfs1_51.txt	100	100	50	200	29874	30000	2.960000
tfs1_52.txt	100	100	50	200	29736	30000	3.510000
tfs1_53.txt	100	100	50	200	29919	30000	5.060000
tfs1_54.txt	100	100	50	200	29928	30000	3.400000
tfs1_55.txt	100	100	50	200	29661	30000	6.530000
tfs1_56.txt	100	100	50	200	29881	30000	6.100000
tfs1_57.txt	100	100	50	200	29036	30000	5.660000
tfs1_58.txt	100	100	50	200	29799	30000	3.400000
tfs1_59.txt	100	100	50	200	29340	30000	4.220000
tfs1_60.txt	100	100	50	200	29324	30000	6.420000
tfs1_61.txt	100	100	100	100	29865	30000	9.170000
tfs1_62.txt	100	100	100	100	29208	30000	10.440000
tfs1_63.txt	100	100	100	100	29699	30000	3.680000
tfs1_64.txt	100	100	100	100	29631	30000	6.490000
tfs1_65.txt	100	100	100	100	29187	30000	1.480000
tfs1_66.txt	100	100	100	100	29558	30000	4.560000
tfs1_67.txt	100	100	100	100	29421	30000	6.370000
tfs1_68.txt	100	100	100	100	29685	30000	4.010000
tfs1_69.txt	100	100	100	100	29523	30000	5.110000
tfs1_70.txt	100	100	100	100	29565	30000	1.320000
tfs1_71.txt	100	100	100	300	29790	30000	6.980000
tfs1_72.txt	100	100	100	300	29709	30000	11.590000
tfs1_73.txt	100	100	100	300	29778	30000	10.550000
tfs1_74.txt	100	100	100	300	29890	30000	9.780000
tfs1_75.txt	100	100	100	300	29784	30000	5.160000
tfs1_76.txt	100	100	100	300	29982	30000	11.200000
tfs1_77.txt	100	100	100	300	29721	30000	14.670000
tfs1_78.txt	100	100	100	300	29871	30000	11.480000
tfs1_79.txt	100	100	100	300	29904	30000	4.510000
tfs1_80.txt	100	100	100	300	29781	30000	6.920000
tfs1_81.txt	100	100	100	400	29985	30000	2.250000
tfs1_82.txt	100	100	100	400	29751	30000	12.690000
tfs1_83.txt	100	100	100	400	29970	30000	7.190000
tfs1_84.txt	100	100	100	400	29877	30000	6.480000
tfs1_85.txt	100	100	100	400	29772	30000	8.900000
tfs1_86.txt	100	100	100	400	30000	30000	1.260000
tfs1_87.txt	100	100	100	400	29766	30000	6.590000
tfs1_88.txt	100	100	100	400	30000	30000	0.550000
tfs1_89.txt	100	100	100	400	29840	30000	5.220000
tfs1_90.txt	100	100	100	400	29853	30000	7.640000
tfs1_91.txt	100	100	150	150	29964	30000	4.560000
tfs1_92.txt	100	100	150	150	29688	30000	10.160000
tfs1_93.txt	100	100	150	150	29742	30000	10.870000
tfs1_94.txt	100	100	150	150	29838	30000	5.820000
tfs1_95.txt	100	100	150	150	29719	30000	18.010000
tfs1_96.txt	100	100	150	150	29593	30000	10.000000
tfs1_97.txt	100	100	150	150	29631	30000	9.940000
tfs1_98.txt	100	100	150	150	29826	30000	5.380000
tfs1_99.txt	100	100	150	150	29862	30000	6.540000
tfs1_100.txt	100	100	150	150	29604	30000	6.820000
tfs1_101.txt	100	100	150	450	30000	30000	0.880000
tfs1_102.txt	100	100	150	450	29988	30000	10.380000
tfs1_103.txt	100	100	150	450	29946	30000	16.480000
tfs1_104.txt	100	100	150	450	29952	30000	7.690000
tfs1_105.txt	100	100	150	450	29982	30000	12.030000
tfs1_106.txt	100	100	150	450	29922	30000	16.210000
tfs1_107.txt	100	100	150	450	29958	30000	6.810000
tfs1_108.txt	100	100	150	450	29946	30000	14.500000
tfs1_109.txt	100	100	150	450	30000	30000	3.360000
tfs1_110.txt	100	100	150	450	29858	30000	10.220000
tfs1_111.txt	100	100	150	600	29958	30000	10.100000
tfs1_112.txt	100	100	150	600	29940	30000	5.060000
tfs1_113.txt	100	100	150	600	29958	30000	13.180000
tfs1_114.txt	100	100	150	600	29958	30000	6.050000
tfs1_115.txt	100	100	150	600	29940	30000	16.640000
tfs1_116.txt	100	100	150	600	29976	30000	11.810000
tfs1_117.txt	100	100	150	600	29920	30000	9.510000
tfs1_118.txt	100	100	150	600	29916	30000	10.930000
tfs1_119.txt	100	100	150	600	30000	30000	2.640000
tfs1_120.txt	100	100	150	600	29868	30000	10.600000
tfs1_121.txt	100	100	250	250	29850	30000	22.140000
tfs1_122.txt	100	100	250	250	29838	30000	12.250000
tfs1_123.txt	100	100	250	250	29860	30000	16.700000
tfs1_124.txt	100	100	250	250	29647	30000	12.910000
tfs1_125.txt	100	100	250	250	29829	30000	6.760000
tfs1_126.txt	100	100	250	250	29808	30000	18.010000
tfs1_127.txt	100	100	250	250	29733	30000	8.070000
tfs1_128.txt	100	100	250	250	29829	30000	16.150000
tfs1_129.txt	100	100	250	250	29790	30000	13.900000
tfs1_130.txt	100	100	250	250	29944	30000	11.540000
tfs1_131.txt	100	100	250	750	29940	30000	16.530000
tfs1_132.txt	100	100	250	750	30000	30000	12.690000
tfs1_133.txt	100	100	250	750	29880	30000	19.110000
tfs1_134.txt	100	100	250	750	30000	30000	2.860000
tfs1_135.txt	100	100	250	750	29952	30000	9.390000
tfs1_136.txt	100	100	250	750	29928	30000	15.700000
tfs1_137.txt	100	100	250	750	29964	30000	19.500000
tfs1_138.txt	100	100	250	750	30000	30000	0.280000
tfs1_139.txt	100	100	250	750	29960	30000	14.390000
tfs1_140.txt	100	100	250	750	29970	30000	10.660000
tfs1_141.txt	100	100	250	1000	30000	30000	0.330000
tfs1_142.txt	100	100	250	1000	29982	30000	16.200000
tfs1_143.txt	100	100	250	1000	29982	30000	11.150000
tfs1_144.txt	100	100	250	1000	30000	30000	6.860000
tfs1_145.txt	100	100	250	1000	29940	30000	15.430000
tfs1_146.txt	100	100	250	1000	29976	30000	8.410000
tfs1_147.txt	100	100	250	1000	30000	30000	2.140000
tfs1_148.txt	100	100	250	1000	30000	30000	2.860000
tfs1_149.txt	100	100	250	1000	30000	30000	7.910000
tfs1_150.txt	100	100	250	1000	30000	30000	4.890000
tfs1_151.txt	100	100	500	500	29853	30000	22.360000
tfs1_152.txt	100	100	500	500	29973	30000	16.090000
tfs1_153.txt	100	100	500	500	29920	30000	17.460000
tfs1_154.txt	100	100	500	500	29973	30000	11.480000
tfs1_155.txt	100	100	500	500	30000	30000	0.330000
tfs1_156.txt	100	100	500	500	29946	30000	20.320000
tfs1_157.txt	100	100	500	500	29994	30000	20.330000
tfs1_158.txt	100	100	500	500	30000	30000	6.040000
tfs1_159.txt	100	100	500	500	29949	30000	14.060000
tfs1_160.txt	100	100	500	500	29988	30000	14.400000
tfs1_161.txt	100	100	500	1500	30000	30000	2.850000
tfs1_162.txt	100	100	500	1500	30000	30000	3.680000
tfs1_163.txt	100	100	500	1500	30000	30000	0.600000
tfs1_164.txt	100	100	500	1500	30000	30000	17.860000
tfs1_165.txt	100	100	500	1500	30000	30000	15.930000
tfs1_166.txt	100	100	500	1500	30000	30000	0.770000
tfs1_167.txt	100	100	500	1500	30000	30000	18.400000
tfs1_168.txt	100	100	500	1500	30000	30000	0.880000
tfs1_169.txt	100	100	500	1500	30000	30000	0.500000
tfs1_170.txt	100	100	500	1500	30000	30000	0.270000
tfs1_171.txt	100	100	500	2000	30000	30000	5.050000
tfs1_172.txt	100	100	500	2000	30000	30000	1.810000
tfs1_173.txt	100	100	500	2000	30000	30000	1.150000
tfs1_174.txt	100	100	500	2000	30000	30000	1.650000
tfs1_175.txt	100	100	500	2000	30000	30000	7.580000
tfs1_176.txt	100	100	500	2000	30000	30000	21.420000
tfs1_177.txt	100	100	500	2000	30000	30000	3.350000
tfs1_178.txt	100	100	500	2000	30000	30000	1.040000
tfs1_179.txt	100	100	500	2000	30000	30000	0.330000
tfs1_180.txt	100	100	500	2000	30000	30000	0.770000
tfs1_181.txt	100	100	1000	1000	29994	30000	26.310000
tfs1_182.txt	100	100	1000	1000	30000	30000	2.090000
tfs1_183.txt	100	100	1000	1000	29988	30000	27.410000
tfs1_184.txt	100	100	1000	1000	30000	30000	16.860000
tfs1_185.txt	100	100	1000	1000	30000	30000	6.160000
tfs1_186.txt	100	100	1000	1000	30000	30000	0.270000
tfs1_187.txt	100	100	1000	1000	30000	30000	7.910000
tfs1_188.txt	100	100	1000	1000	30000	30000	2.910000
tfs1_189.txt	100	100	1000	1000	30000	30000	17.740000
tfs1_190.txt	100	100	1000	1000	30000	30000	1.710000
tfs1_191.txt	100	100	1000	3000	30000	30000	2.800000
tfs1_192.txt	100	100	1000	3000	30000	30000	1.540000
tfs1_193.txt	100	100	1000	3000	30000	30000	3.960000
tfs1_194.txt	100	100	1000	3000	30000	30000	0.660000
tfs1_195.txt	100	100	1000	3000	30000	30000	1.210000
tfs1_196.txt	100	100	1000	3000	30000	30000	2.310000
tfs1_197.txt	100	100	1000	3000	30000	30000	0.270000
tfs1_198.txt	100	100	1000	3000	30000	30000	4.880000
tfs1_199.txt	100	100	1000	3000	30000	30000	2.800000
tfs1_200.txt	100	100	1000	3000	30000	30000	1.320000
tfs1_201.txt	100	100	1000	4000	30000	30000	3.460000
tfs1_202.txt	100	100	1000	4000	30000	30000	1.540000
tfs1_203.txt	100	100	1000	4000	30000	30000	0.110000
tfs1_204.txt	100	100	1000	4000	30000	30000	1.310000
tfs1_205.txt	100	100	1000	4000	30000	30000	0.490000
tfs1_206.txt	100	100	1000	4000	30000	30000	8.850000
tfs1_207.txt	100	100	1000	4000	30000	30000	1.810000
tfs1_208.txt	100	100	1000	4000	30000	30000	0.550000
tfs1_209.txt	100	100	1000	4000	30000	30000	1.160000
tfs1_210.txt	100	100	1000	4000	30000	30000	0.270000
tfs2_1.txt	100	100	40	40	27525	29973	1.320000
tfs2_2.txt	100	100	40	40	27997	29994	2.800000
tfs2_3.txt	100	100	40	40	27119	29994	8.230000
tfs2_4.txt	100	100	40	40	29319	30000	4.290000
tfs2_5.txt	100	100	40	40	26249	29997	3.740000
tfs2_6.txt	100	100	40	40	27056	30000	5.550000
tfs2_7.txt	100	100	40	40	27316	30000	0.930000
tfs2_8.txt	100	100	40	40	26837	29976	2.750000
tfs2_9.txt	100	100	40	40	28146	30000	8.950000
tfs2_10.txt	100	100	40	40	27716	30000	3.460000
tfs2_11.txt	100	100	40	120	29688	30000	4.720000
tfs2_12.txt	100	100	40	120	29316	30000	7.420000
tfs2_13.txt	100	100	40	120	28260	30000	3.790000
tfs2_14.txt	100	100	40	120	29559	30000	6.210000
tfs2_15.txt	100	100	40	120	28967	30000	3.460000
tfs2_16.txt	100	100	40	120	29886	30000	5.710000
tfs2_17.txt	100	100	40	120	29568	30000	7.910000
tfs2_18.txt	100	100	40	120	29538	30000	8.020000
tfs2_19.txt	100	100	40	120	29580	30000	3.020000
tfs2_20.txt	100	100	40	120	29022	30000	1.810000
tfs2_21.txt	100	100	40	160	29028	30000	5.060000
tfs2_22.txt	100	100	40	160	29751	30000	9.110000
tfs2_23.txt	100	100	40	160	29730	30000	3.460000
tfs2_24.txt	100	100	40	160	29674	30000	8.240000
tfs2_25.txt	100	100	40	160	29210	30000	3.680000
tfs2_26.txt	100	100	40	160	28886	30000	2.140000
tfs2_27.txt	100	100	40	160	29013	30000	3.510000
tfs2_28.txt	100	100	40	160	29592	30000	4.510000
tfs2_29.txt	100	100	40	160	29589	30000	21.750000
tfs2_30.txt	100	100	40	160	28824	29994	2.090000
tfs2_31.txt	100	100	50	50	28684	30000	8.080000
tfs2_32.txt	100	100	50	50	28984	30000	1.980000
tfs2_33.txt	100	100	50	50	29262	30000	1.210000
tfs2_34.txt	100	100	50	50	29502	30000	3.570000
tfs2_35.txt	100	100	50	50	26690	29994	1.860000
tfs2_36.txt	100	100	50	50	28253	30000	9.500000
tfs2_37.txt	100	100	50	50	27780	30000	7.300000
tfs2_38.txt	100	100	50	50	28422	29997	4.780000
tfs2_39.txt	100	100	50	50	29050	30000	4.060000
tfs2_40.txt	100	100	50	50	28164	30000	3.520000
tfs2_41.txt	100	100	50	150	29550	30000	2.360000
tfs2_42.txt	100	100	50	150	29912	30000	7.080000
tfs2_43.txt	100	100	50	150	29128	30000	5.550000
tfs2_44.txt	100	100	50	150	29028	30000	3.900000
tfs2_45.txt	100	100	50	150	28984	30000	12.080000
tfs2_46.txt	100	100	50	150	29916	30000	2.140000
tfs2_47.txt	100	100	50	150	29700	30000	2.190000
tfs2_48.txt	100	100	50	150	29715	30000	8.460000
tfs2_49.txt	100	100	50	150	29811	30000	9.330000
tfs2_50.txt	100	100	50	150	29637	30000	4.950000
tfs2_51.txt	100	100	50	200	29628	30000	3.350000
tfs2_52.txt	100	100	50	200	29514	30000	6.150000
tfs2_53.txt	100	100	50	200	29400	30000	20.210000
tfs2_54.txt	100	100	50	200	29581	30000	6.370000
tfs2_55.txt	100	100	50	200	28950	30000	6.050000
tfs2_56.txt	100	100	50	200	29940	30000	3.290000
tfs2_57.txt	100	100	50	200	29646	30000	4.340000
tfs2_58.txt	100	100	50	200	29581	30000	5.220000
tfs2_59.txt	100	100	50	200	29585	30000	10.210000
tfs2_60.txt	100	100	50	200	29496	30000	9.720000
tfs2_61.txt	100	100	100	100	29448	30000	8.240000
tfs2_62.txt	100	100	100	100	29728	30000	11.260000
tfs2_63.txt	100	100	100	100	29847	30000	3.790000
tfs2_64.txt	100	100	100	100	29644	30000	6.540000
tfs2_65.txt	100	100	100	100	29506	30000	7.250000
tfs2_66.txt	100	100	100	100	29175	30000	5.440000
tfs2_67.txt	100	100	100	100	29310	30000	5.880000
tfs2_68.txt	100	100	100	100	29233	30000	16.810000
tfs2_69.txt	100	100	100	100	29667	30000	7.690000
tfs2_70.txt	100	100	100	100	29520	30000	2.090000
tfs2_71.txt	100	100	100	300	30000	30000	0.990000
tfs2_72.txt	100	100	100	300	29931	30000	14.500000
tfs2_73.txt	100	100	100	300	29646	30000	3.020000
tfs2_74.txt	100	100	100	300	29716	30000	13.510000
tfs2_75.txt	100	100	100	300	29898	30000	9.000000
tfs2_76.txt	100	100	100	300	29746	30000	26.140000
tfs2_77.txt	100	100	100	300	29982	30000	4.450000
tfs2_78.txt	100	100	100	300	29931	30000	20.220000
tfs2_79.txt	100	100	100	300	29928	30000	7.580000
tfs2_80.txt	100	100	100	300	29652	30000	6.260000
tfs2_81.txt	100	100	100	400	29895	30000	13.730000
tfs2_82.txt	100	100	100	400	29982	30000	18.010000
tfs2_83.txt	100	100	100	400	29838	30000	8.240000
tfs2_84.txt	100	100	100	400	29844	30000	15.540000
tfs2_85.txt	100	100	100	400	29781	30000	14.610000
tfs2_86.txt	100	100	100	400	30000	30000	5.380000
tfs2_87.txt	100	100	100	400	29937	30000	12.750000
tfs2_88.txt	100	100	100	400	29898	30000	11.920000
tfs2_89.txt	100	100	100	400	29928	30000	4.280000
tfs2_90.txt	100	100	100	400	29730	30000	10.600000
tfs2_91.txt	100	100	150	150	29801	30000	17.030000
tfs2_92.txt	100	100	150	150	29539	30000	7.420000
tfs2_93.txt	100	100	150	150	29934	30000	8.510000
tfs2_94.txt	100	100	150	150	29834	30000	13.950000
tfs2_95.txt	100	100	150	150	29643	30000	13.120000
tfs2_96.txt	100	100	150	150	29611	30000	13.560000
tfs2_97.txt	100	100	150	150	29670	30000	9.940000
tfs2_98.txt	100	100	150	150	29753	30000	16.090000
tfs2_99.txt	100	100	150	150	29790	30000	10.600000
tfs2_100.txt	100	100	150	150	29784	30000	14.230000
tfs2_101.txt	100	100	150	450	29961	30000	15.710000
tfs2_102.txt	100	100	150	450	29889	30000	11.970000
tfs2_103.txt	100	100	150	450	29916	30000	7.860000
tfs2_104.txt	100	100	150	450	29985	30000	6.480000
tfs2_105.txt	100	100	150	450	29862	30000	17.080000
tfs2_106.txt	100	100	150	450	29958	30000	12.690000
tfs2_107.txt	100	100	150	450	30000	30000	0.050000
tfs2_108.txt	100	100	150	450	29964	30000	14.010000
tfs2_109.txt	100	100	150	450	29979	30000	14.220000
tfs2_110.txt	100	100	150	450	29944	30000	24.610000
tfs2_111.txt	100	100	150	600	29856	30000	12.360000
tfs2_112.txt	100	100	150	600	30000	30000	11.860000
tfs2_113.txt	100	100	150	600	30000	30000	2.310000
tfs2_114.txt	100	100	150	600	30000	30000	1.480000
tfs2_115.txt	100	100	150	600	29991	30000	18.130000
tfs2_116.txt	100	100	150	600	29970	30000	10.100000
tfs2_117.txt	100	100	150	600	29952	30000	48.010000
tfs2_118.txt	100	100	150	600	29970	30000	16.530000
tfs2_119.txt	100	100	150	600	29937	30000	15.160000
tfs2_120.txt	100	100	150	600	29988	30000	14.720000
tfs2_121.txt	100	100	250	250	29871	30000	24.880000
tfs2_122.txt	100	100	250	250	29675	30000	16.760000
tfs2_123.txt	100	100	250	250	29640	30000	14.280000
tfs2_124.txt	100	100	250	250	29847	30000	22.300000
tfs2_125.txt	100	100	250	250	29976	30000	15.490000
tfs2_126.txt	100	100	250	250	29775	30000	32.250000
tfs2_127.txt	100	100	250	250	29801	30000	18.730000
tfs2_128.txt	100	100	250	250	29811	30000	16.420000
tfs2_129.txt	100	100	250	250	29988	30000	12.090000
tfs2_130.txt	100	100	250	250	29691	30000	13.890000
tfs2_131.txt	100	100	250	750	29976	30000	18.570000
tfs2_132.txt	100	100	250	750	29976	30000	34.050000
tfs2_133.txt	100	100	250	750	29988	30000	16.860000
tfs2_134.txt	100	100	250	750	30000	30000	3.240000
tfs2_135.txt	100	100	250	750	29982	30000	13.450000
tfs2_136.txt	100	100	250	750	29994	30000	29.660000
tfs2_137.txt	100	100	250	750	30000	30000	1.320000
tfs2_138.txt	100	100	250	750	29952	30000	14.830000
tfs2_139.txt	100	100	250	750	29952	30000	24.110000
tfs2_140.txt	100	100	250	750	29972	30000	17.630000
tfs2_141.txt	100	100	250	1000	30000	30000	0.330000
tfs2_142.txt	100	100	250	1000	30000	30000	4.450000
tfs2_143.txt	100	100	250	1000	30000	30000	3.840000
tfs2_144.txt	100	100	250	1000	29984	30000	27.190000
tfs2_145.txt	100	100	250	1000	29988	30000	19.170000
tfs2_146.txt	100	100	250	1000	29934	30000	17.800000
tfs2_147.txt	100	100	250	1000	30000	30000	2.800000
tfs2_148.txt	100	100	250	1000	30000	30000	1.920000
tfs2_149.txt	100	100	250	1000	30000	30000	4.120000
tfs2_150.txt	100	100	250	1000	29988	30000	22.410000
tfs2_151.txt	100	100	500	500	29980	30000	38.610000
tfs2_152.txt	100	100	500	500	29968	30000	25.650000
tfs2_153.txt	100	100	500	500	29949	30000	23.680000
tfs2_154.txt	100	100	500	500	29982	30000	34.610000
tfs2_155.txt	100	100	500	500	29976	30000	27.070000
tfs2_156.txt	100	100	500	500	29936	30000	18.180000
tfs2_157.txt	100	100	500	500	29988	30000	26.910000
tfs2_158.txt	100	100	500	500	29958	30000	32.240000
tfs2_159.txt	100	100	500	500	29952	30000	26.580000
tfs2_160.txt	100	100	500	500	30000	30000	7.530000
tfs2_161.txt	100	100	500	1500	30000	30000	1.370000
tfs2_162.txt	100	100	500	1500	30000	30000	1.870000
tfs2_163.txt	100	100	500	1500	30000	30000	0.280000
tfs2_164.txt	100	100	500	1500	30000	30000	0.550000
tfs2_165.txt	100	100	500	1500	30000	30000	2.590000
tfs2_166.txt	100	100	500	1500	30000	30000	2.640000
tfs2_167.txt	100	100	500	1500	30000	30000	0.600000
tfs2_168.txt	100	100	500	1500	30000	30000	0.660000
tfs2_169.txt	100	100	500	1500	30000	30000	4.830000
tfs2_170.txt	100	100	500	1500	30000	30000	12.300000
tfs2_171.txt	100	100	500	2000	30000	30000	1.920000
tfs2_172.txt	100	100	500	2000	30000	30000	2.200000
tfs2_173.txt	100	100	500	2000	30000	30000	7.410000
tfs2_174.txt	100	100	500	2000	30000	30000	3.080000
tfs2_175.txt	100	100	500	2000	29982	30000	25.810000
tfs2_176.txt	100	100	500	2000	30000	30000	15.100000
tfs2_177.txt	100	100	500	2000	30000	30000	0.280000
tfs2_178.txt	100	100	500	2000	30000	30000	18.460000
tfs2_179.txt	100	100	500	2000	30000	30000	0.880000
tfs2_180.txt	100	100	500	2000	30000	30000	0.380000
tfs2_181.txt	100	100	1000	1000	29977	30000	38.180000
tfs2_182.txt	100	100	1000	1000	30000	30000	20.650000
tfs2_183.txt	100	100	1000	1000	30000	30000	10.600000
tfs2_184.txt	100	100	1000	1000	29985	30000	37.620000
tfs2_185.txt	100	100	1000	1000	30000	30000	1.150000
tfs2_186.txt	100	100	1000	1000	30000	30000	5.160000
tfs2_187.txt	100	100	1000	1000	29976	30000	35.700000
tfs2_188.txt	100	100	1000	1000	30000	30000	30.100000
tfs2_189.txt	100	100	1000	1000	30000	30000	7.300000
tfs2_190.txt	100	100	1000	1000	30000	30000	5.220000
tfs2_191.txt	100	100	1000	3000	30000	30000	5.050000
tfs2_192.txt	100	100	1000	3000	30000	30000	1.320000
tfs2_193.txt	100	100	1000	3000	30000	30000	2.740000
tfs2_194.txt	100	100	1000	3000	30000	30000	1.810000
tfs2_195.txt	100	100	1000	3000	30000	30000	3.130000
tfs2_196.txt	100	100	1000	3000	30000	30000	5.870000
tfs2_197.txt	100	100	1000	3000	30000	30000	1.380000
tfs2_198.txt	100	100	1000	3000	30000	30000	0.330000
tfs2_199.txt	100	100	1000	3000	30000	30000	4.010000
tfs2_200.txt	100	100	1000	3000	30000	30000	1.160000
tfs2_201.txt	100	100	1000	4000	30000	30000	4.340000
tfs2_202.txt	100	100	1000	4000	30000	30000	1.970000
tfs2_203.txt	100	100	1000	4000	30000	30000	8.410000
tfs2_204.txt	100	100	1000	4000	30000	30000	0.330000
tfs2_205.txt	100	100	1000	4000	30000	30000	2.960000
tfs2_206.txt	100	100	1000	4000	30000	30000	1.100000
tfs2_207.txt	100	100	1000	4000	30000	30000	1.970000
tfs2_208.txt	100	100	1000	4000	30000	30000	1.040000
tfs2_209.txt	100	100	1000	4000	30000	30000	0.270000
tfs2_210.txt	100	100	1000	4000	30000	30000	0.390000
tfs3_1.txt	100	100	40	40	28315	29991	11.480000
tfs3_2.txt	100	100	40	40	27653	29991	10.170000
tfs3_3.txt	100	100	40	40	28800	30000	4.990000
tfs3_4.txt	100	100	40	40	25824	28170	6.480000
tfs3_5.txt	100	100	40	40	27754	30000	5.610000
tfs3_6.txt	100	100	40	40	28821	30000	9.880000
tfs3_7.txt	100	100	40	40	28543	30000	5.390000
tfs3_8.txt	100	100	40	40	28329	30000	4.550000
tfs3_9.txt	100	100	40	40	27587	30000	2.590000
tfs3_10.txt	100	100	40	40	25959	29991	3.130000
tfs3_11.txt	100	100	40	120	29772	30000	9.830000
tfs3_12.txt	100	100	40	120	29646	30000	7.960000
tfs3_13.txt	100	100	40	120	29736	30000	5.990000
tfs3_14.txt	100	100	40	120	29385	30000	5.220000
tfs3_15.txt	100	100	40	120	29317	30000	4.060000
tfs3_16.txt	100	100	40	120	29139	30000	8.400000
tfs3_17.txt	100	100	40	120	29565	30000	3.030000
tfs3_18.txt	100	100	40	120	29436	30000	7.030000
tfs3_19.txt	100	100	40	120	29928	30000	2.910000
tfs3_20.txt	100	100	40	120	29304	30000	2.970000
tfs3_21.txt	100	100	40	160	29658	30000	5.000000
tfs3_22.txt	100	100	40	160	29130	30000	8.080000
tfs3_23.txt	100	100	40	160	29541	30000	9.120000
tfs3_24.txt	100	100	40	160	29700	30000	2.140000
tfs3_25.txt	100	100	40	160	29680	30000	5.000000
tfs3_26.txt	100	100	40	160	29475	30000	6.480000
tfs3_27.txt	100	100	40	160	29682	30000	10.050000
tfs3_28.txt	100	100	40	160	29574	30000	15.050000
tfs3_29.txt	100	100	40	160	29362	30000	20.210000
tfs3_30.txt	100	100	40	160	29691	30000	7.850000
tfs3_31.txt	100	100	50	50	28941	30000	8.630000
tfs3_32.txt	100	100	50	50	29415	30000	4.510000
tfs3_33.txt	100	100	50	50	28694	30000	9.000000
tfs3_34.txt	100	100	50	50	26968	29982	2.040000
tfs3_35.txt	100	100	50	50	28751	30000	3.290000
tfs3_36.txt	100	100	50	50	28149	29994	12.960000
tfs3_37.txt	100	100	50	50	28850	30000	7.190000
tfs3_38.txt	100	100	50	50	28048	30000	7.030000
tfs3_39.txt	100	100	50	50	28731	30000	5.170000
tfs3_40.txt	100	100	50	50	28299	30000	2.580000
tfs3_41.txt	100	100	50	150	29664	30000	9.170000
tfs3_42.txt	100	100	50	150	29667	30000	13.680000
tfs3_43.txt	100	100	50	150	29866	30000	17.020000
tfs3_44.txt	100	100	50	150	29529	30000	9.010000
tfs3_45.txt	100	100	50	150	29478	30000	7.140000
tfs3_46.txt	100	100	50	150	29847	30000	7.410000
tfs3_47.txt	100	100	50	150	29122	30000	16.690000
tfs3_48.txt	100	100	50	150	29485	30000	16.320000
tfs3_49.txt	100	100	50	150	29250	30000	3.070000
tfs3_50.txt	100	100	50	150	29592	30000	12.470000
tfs3_51.txt	100	100	50	200	29496	30000	5.710000
tfs3_52.txt	100	100	50	200	29343	30000	3.850000
tfs3_53.txt	100	100	50	200	29682	30000	9.330000
tfs3_54.txt	100	100	50	200	29531	30000	14.390000
tfs3_55.txt	100	100	50	200	29494	30000	13.190000
tfs3_56.txt	100	100	50	200	29838	30000	11.750000
tfs3_57.txt	100	100	50	200	29507	30000	6.760000
tfs3_58.txt	100	100	50	200	29532	30000	7.030000
tfs3_59.txt	100	100	50	200	29839	30000	11.100000
tfs3_60.txt	100	100	50	200	29964	30000	8.340000
tfs3_61.txt	100	100	100	100	29531	30000	28.730000
tfs3_62.txt	100	100	100	100	29459	30000	14.770000
tfs3_63.txt	100	100	100	100	29366	30000	26.810000
tfs3_64.txt	100	100	100	100	29532	30000	9.340000
tfs3_65.txt	100	100	100	100	29746	30000	11.150000
tfs3_66.txt	100	100	100	100	29746	30000	22.080000
tfs3_67.txt	100	100	100	100	29286	30000	6.980000
tfs3_68.txt	100	100	100	100	29340	30000	7.310000
tfs3_69.txt	100	100	100	100	29353	30000	14.290000
tfs3_70.txt	100	100	100	100	29625	30000	9.830000
tfs3_71.txt	100	100	100	300	29747	30000	22.460000
tfs3_72.txt	100	100	100	300	29868	30000	10.770000
tfs3_73.txt	100	100	100	300	29958	30000	14.220000
tfs3_74.txt	100	100	100	300	29580	30000	11.530000
tfs3_75.txt	100	100	100	300	29874	30000	10.770000
tfs3_76.txt	100	100	100	300	29964	30000	13.730000
tfs3_77.txt	100	100	100	300	29934	30000	11.480000
tfs3_78.txt	100	100	100	300	29820	30000	8.570000
tfs3_79.txt	100	100	100	300	29898	30000	29.600000
tfs3_80.txt	100	100	100	300	29886	30000	17.030000
tfs3_81.txt	100	100	100	400	30000	30000	0.610000
tfs3_82.txt	100	100	100	400	29883	30000	17.800000
tfs3_83.txt	100	100	100	400	30000	30000	0.390000
tfs3_84.txt	100	100	100	400	29811	30000	13.450000
tfs3_85.txt	100	100	100	400	29940	30000	29.720000
tfs3_86.txt	100	100	100	400	29976	30000	10.710000
tfs3_87.txt	100	100	100	400	29940	30000	18.950000
tfs3_88.txt	100	100	100	400	29928	30000	26.260000
tfs3_89.txt	100	100	100	400	30000	30000	4.450000
tfs3_90.txt	100	100	100	400	29976	30000	31.580000
tfs3_91.txt	100	100	150	150	29637	30000	24.000000
tfs3_92.txt	100	100	150	150	29738	30000	19.990000
tfs3_93.txt	100	100	150	150	29771	30000	17.080000
tfs3_94.txt	100	100	150	150	29601	30000	14.830000
tfs3_95.txt	100	100	150	150	29644	30000	14.660000
tfs3_96.txt	100	100	150	150	29475	30000	23.510000
tfs3_97.txt	100	100	150	150	29655	30000	13.020000
tfs3_98.txt	100	100	150	150	29387	30000	4.780000
tfs3_99.txt	100	100	150	150	29629	30000	15.980000
tfs3_100.txt	100	100	150	150	29597	30000	20.990000
tfs3_101.txt	100	100	150	450	29916	30000	22.240000
tfs3_102.txt	100	100	150	450	30000	30000	5.380000
tfs3_103.txt	100	100	150	450	29838	30000	16.530000
tfs3_104.txt	100	100	150	450	29991	30000	16.530000
tfs3_105.txt	100	100	150	450	29970	30000	17.140000
tfs3_106.txt	100	100	150	450	29931	30000	31.370000
tfs3_107.txt	100	100	150	450	29928	30000	26.800000
tfs3_108.txt	100	100	150	450	30000	30000	0.710000
tfs3_109.txt	100	100	150	450	29988	30000	18.460000
tfs3_110.txt	100	100	150	450	30000	30000	2.910000
tfs3_111.txt	100	100	150	600	29910	30000	12.420000
tfs3_112.txt	100	100	150	600	29952	30000	18.180000
tfs3_113.txt	100	100	150	600	30000	30000	1.260000
tfs3_114.txt	100	100	150	600	29856	30000	34.550000
tfs3_115.txt	100	100	150	600	30000	30000	6.650000
tfs3_116.txt	100	100	150	600	30000	30000	21.370000
tfs3_117.txt	100	100	150	600	29992	30000	17.140000
tfs3_118.txt	100	100	150	600	30000	30000	17.020000
tfs3_119.txt	100	100	150	600	30000	30000	19.230000
tfs3_120.txt	100	100	150	600	29880	30000	23.020000
tfs3_121.txt	100	100	250	250	29860	30000	26.580000
tfs3_122.txt	100	100	250	250	29768	30000	20.000000
tfs3_123.txt	100	100	250	250	29826	30000	25.270000
tfs3_124.txt	100	100	250	250	29842	30000	26.030000
tfs3_125.txt	100	100	250	250	29690	30000	21.260000
tfs3_126.txt	100	100	250	250	29994	30000	22.570000
tfs3_127.txt	100	100	250	250	29904	30000	18.900000
tfs3_128.txt	100	100	250	250	29715	30000	30.870000
tfs3_129.txt	100	100	250	250	29802	30000	25.380000
tfs3_130.txt	100	100	250	250	29951	30000	21.870000
tfs3_131.txt	100	100	250	750	29979	30000	18.130000
tfs3_132.txt	100	100	250	750	30000	30000	10.760000
tfs3_133.txt	100	100	250	750	29970	30000	27.570000
tfs3_134.txt	100	100	250	750	29976	30000	19.610000
tfs3_135.txt	100	100	250	750	30000	30000	5.870000
tfs3_136.txt	100	100	250	750	30000	30000	2.970000
tfs3_137.txt	100	100	250	750	30000	30000	23.180000
tfs3_138.txt	100	100	250	750	29973	30000	12.900000
tfs3_139.txt	100	100	250	750	29955	30000	23.840000
tfs3_140.txt	100	100	250	750	30000	30000	4.940000
tfs3_141.txt	100	100	250	1000	30000	30000	0.440000
tfs3_142.txt	100	100	250	1000	30000	30000	6.810000
tfs3_143.txt	100	100	250	1000	29991	30000	26.140000
tfs3_144.txt	100	100	250	1000	30000	30000	1.210000
tfs3_145.txt	100	100	250	1000	30000	30000	6.100000
tfs3_146.txt	100	100	250	1000	29988	30000	44.160000
tfs3_147.txt	100	100	250	1000	30000	30000	0.280000
tfs3_148.txt	100	100	250	1000	30000	30000	0.270000
tfs3_149.txt	100	100	250	1000	30000	30000	1.160000
tfs3_150.txt	100	100	250	1000	30000	30000	1.590000
tfs3_151.txt	100	100	500	500	29996	30000	23.450000
tfs3_152.txt	100	100	500	500	29984	30000	37.190000
tfs3_153.txt	100	100	500	500	29976	30000	36.580000
tfs3_154.txt	100	100	500	500	29985	30000	50.640000
tfs3_155.txt	100	100	500	500	29961	30000	49.380000
tfs3_156.txt	100	100	500	500	29996	30000	32.570000
tfs3_157.txt	100	100	500	500	29952	30000	38.500000
tfs3_158.txt	100	100	500	500	29964	30000	25.820000
tfs3_159.txt	100	100	500	500	30000	30000	3.840000
tfs3_160.txt	100	100	500	500	29958	30000	32.020000
tfs3_161.txt	100	100	500	1500	30000	30000	1.320000
tfs3_162.txt	100	100	500	1500	30000	30000	13.240000
tfs3_163.txt	100	100	500	1500	30000	30000	2.200000
tfs3_164.txt	100	100	500	1500	30000	30000	0.550000
tfs3_165.txt	100	100	500	1500	30000	30000	1.420000
tfs3_166.txt	100	100	500	1500	30000	30000	10.380000
tfs3_167.txt	100	100	500	1500	30000	30000	3.730000
tfs3_168.txt	100	100	500	1500	30000	30000	5.220000
tfs3_169.txt	100	100	500	1500	30000	30000	9.830000
tfs3_170.txt	100	100	500	1500	30000	30000	5.110000
tfs3_171.txt	100	100	500	2000	30000	30000	0.330000
tfs3_172.txt	100	100	500	2000	30000	30000	0.990000
tfs3_173.txt	100	100	500	2000	30000	30000	9.660000
tfs3_174.txt	100	100	500	2000	30000	30000	2.310000
tfs3_175.txt	100	100	500	2000	30000	30000	40.430000
tfs3_176.txt	100	100	500	2000	30000	30000	0.720000
tfs3_177.txt	100	100	500	2000	30000	30000	2.360000
tfs3_178.txt	100	100	500	2000	30000	30000	1.920000
tfs3_179.txt	100	100	500	2000	30000	30000	13.670000
tfs3_180.txt	100	100	500	2000	30000	30000	7.260000
tfs3_181.txt	100	100	1000	1000	29994	30000	37.290000
tfs3_182.txt	100	100	1000	1000	30000	30000	18.510000
tfs3_183.txt	100	100	1000	1000	29991	30000	48.880000
tfs3_184.txt	100	100	1000	1000	30000	30000	2.250000
tfs3_185.txt	100	100	1000	1000	30000	30000	34.000000
tfs3_186.txt	100	100	1000	1000	30000	30000	2.310000
tfs3_187.txt	100	100	1000	1000	29964	30000	57.180000
tfs3_188.txt	100	100	1000	1000	30000	30000	0.550000
tfs3_189.txt	100	100	1000	1000	30000	30000	0.820000
tfs3_190.txt	100	100	1000	1000	30000	30000	18.840000
tfs3_191.txt	100	100	1000	3000	30000	30000	0.820000
tfs3_192.txt	100	100	1000	3000	30000	30000	8.620000
tfs3_193.txt	100	100	1000	3000	30000	30000	0.380000
tfs3_194.txt	100	100	1000	3000	30000	30000	17.310000
tfs3_195.txt	100	100	1000	3000	30000	30000	0.490000
tfs3_196.txt	100	100	1000	3000	30000	30000	2.480000
tfs3_197.txt	100	100	1000	3000	30000	30000	3.840000
tfs3_198.txt	100	100	1000	3000	30000	30000	0.870000
tfs3_199.txt	100	100	1000	3000	30000	30000	1.370000
tfs3_200.txt	100	100	1000	3000	30000	30000	1.870000
tfs3_201.txt	100	100	1000	4000	30000	30000	2.470000
tfs3_202.txt	100	100	1000	4000	30000	30000	5.650000
tfs3_203.txt	100	100	1000	4000	30000	30000	5.770000
tfs3_204.txt	100	100	1000	4000	30000	30000	0.500000
tfs3_205.txt	100	100	1000	4000	30000	30000	0.990000
tfs3_206.txt	100	100	1000	4000	30000	30000	6.920000
tfs3_207.txt	100	100	1000	4000	30000	30000	5.720000
tfs3_208.txt	100	100	1000	4000	30000	30000	3.240000
tfs3_209.txt	100	100	1000	4000	30000	30000	1.370000
tfs3_210.txt	100	100	1000	4000	30000	30000	0.600000
Leung1.txt	400	200	9	10	80000	80000	0.110000
Leung2.txt	400	200	7	15	79000	79000	0.000000
Leung3.txt	400	400	5	20	151900	160000	2.250000
Leung4.txt	70	80	14	20	5400	5600	5.380000
Leung5.txt	70	80	16	25	5452	5600	14.440000
Leung6.txt	120	45	22	25	5310	5400	10.500000
Leung7.txt	90	45	16	30	3978	4050	7.910000
Leung8.txt	65	45	18	30	2889	2925	12.470000
Leung9.txt	150	110	40	40	15896	16500	142.200000
Leung10.txt	160	120	50	50	18652	19200	329.560000
Mejora lenta con intercambios
Ap1.txt	10	10	5	10	164	164	0.000000
Ap2.txt	10	10	7	17	230	230	0.000000
Ap3.txt	10	10	10	21	247	247	0.000000
Ap4.txt	15	10	5	7	268	268	0.000000
Ap5.txt	15	10	7	14	358	358	0.000000
Ap6.txt	15	10	10	15	289	289	0.060000
Ap7.txt	20	20	5	8	430	430	0.000000
Ap8.txt	20	20	7	13	834	834	0.220000
Ap9.txt	20	20	10	18	924	924	0.170000
Ap10.txt	30	30	5	13	1452	1452	0.000000
Ap11.txt	30	30	7	15	1688	1688	0.110000
Ap12.txt	30	30	10	22	1865	1865	0.100000
Ap13.txt	30	30	7	7	1178	1178	0.000000
Ap14.txt	30	30	15	15	1270	1270	0.000000
Ap15.txt	70	40	19	42	2702	2726	0.830000
Ap16.txt	40	70	20	62	1860	1860	0.050000
Ap17.txt	100	100	15	50	27589	27718	2.700000
Ap18.txt	100	100	30	30	21976	22502	4.120000
Ap19.txt	100	100	30	30	23743	24019	3.680000
Ap20.txt	100	100	33	61	32893	32893	0.060000
Ap21.txt	100	100	29	97	27923	27923	0.000000
tfs1_1.txt	100	100	40	40	27852	29955	2.200000
tfs1_2.txt	100	100	40	40	28277	30000	4.610000
tfs1_3.txt	100	100	40	40	27849	30000	3.180000
tfs1_4.txt	100	100	40	40	28494	30000	3.130000
tfs1_5.txt	100	100	40	40	28677	30000	3.240000
tfs1_6.txt	100	100	40	40	27686	30000	4.390000
tfs1_7.txt	100	100	40	40	28300	29994	7.630000
tfs1_8.txt	100	100	40	40	27840	30000	8.020000
tfs1_9.txt	100	100	40	40	28132	30000	7.080000
tfs1_10.txt	100	100	40	40	28936	29982	3.740000
tfs1_11.txt	100	100	40	120	28654	30000	6.370000
tfs1_12.txt	100	100	40	120	29458	30000	4.400000
tfs1_13.txt	100	100	40	120	29559	30000	5.600000
tfs1_14.txt	100	100	40	120	28680	30000	4.730000
tfs1_15.txt	100	100	40	120	29496	30000	5.440000
tfs1_16.txt	100	100	40	120	29388	30000	1.860000
tfs1_17.txt	100	100	40	120	27996	30000	4.390000
tfs1_18.txt	100	100	40	120	29506	30000	4.340000
tfs1_19.txt	100	100	40	120	29712	30000	6.980000
tfs1_20.txt	100	100	40	120	29112	30000	3.460000
tfs1_21.txt	100	100	40	160	29700	30000	2.190000
tfs1_22.txt	100	100	40	160	29586	30000	3.950000
tfs1_23.txt	100	100	40	160	29490	30000	4.290000
tfs1_24.txt	100	100	40	160	29240	30000	3.240000
tfs1_25.txt	100	100	40	160	29622	30000	4.890000
tfs1_26.txt	100	100	40	160	28737	30000	6.150000
tfs1_27.txt	100	100	40	160	29676	30000	4.010000
tfs1_28.txt	100	100	40	160	29517	30000	8.020000
tfs1_29.txt	100	100	40	160	29058	30000	3.730000
tfs1_30.txt	100	100	40	160	29296	30000	2.860000
tfs1_31.txt	100	100	50	50	29245	30000	5.440000
tfs1_32.txt	100	100	50	50	28400	29994	2.030000
tfs1_33.txt	100	100	50	50	28824	30000	6.860000
tfs1_34.txt	100	100	50	50	27693	30000	8.080000
tfs1_35.txt	100	100	50	50	28416	30000	4.780000
tfs1_36.txt	100	100	50	50	28580	30000	5.550000
tfs1_37.txt	100	100	50	50	29648	30000	2.470000
tfs1_38.txt	100	100	50	50	28170	30000	4.290000
tfs1_39.txt	100	100	50	50	29514	30000	8.790000
tfs1_40.txt	100	100	50	50	28272	30000	3.790000
tfs1_41.txt	100	100	50	150	29550	30000	4.730000
tfs1_42.txt	100	100	50	150	29800	30000	4.170000
tfs1_43.txt	100	100	50	150	29556	30000	4.990000
tfs1_44.txt	100	100	50	150	29397	30000	5.600000
tfs1_45.txt	100	100	50	150	29541	30000	6.090000
tfs1_46.txt	100	100	50	150	29371	30000	4.400000
tfs1_47.txt	100	100	50	150	29434	30000	5.270000
tfs1_48.txt	100	100	50	150	29370	30000	3.180000
tfs1_49.txt	100	100	50	150	29613	30000	4.180000
tfs1_50.txt	100	100	50	150	29298	30000	3.300000
tfs1_51.txt	100	100	50	200	29874	30000	4.390000
tfs1_52.txt	100	100	50	200	29748	30000	4.230000
tfs1_53.txt	100	100	50	200	29919	30000	4.720000
tfs1_54.txt	100	100	50	200	29928	30000	4.560000
tfs1_55.txt	100	100	50	200	29817	30000	6.050000
tfs1_56.txt	100	100	50	200	29881	30000	6.040000
tfs1_57.txt	100	100	50	200	29032	30000	7.090000
tfs1_58.txt	100	100	50	200	29799	30000	4.280000
tfs1_59.txt	100	100	50	200	29502	30000	4.720000
tfs1_60.txt	100	100	50	200	29292	30000	6.870000
tfs1_61.txt	100	100	100	100	29865	30000	7.140000
tfs1_62.txt	100	100	100	100	29224	30000	9.450000
tfs1_63.txt	100	100	100	100	29699	30000	5.160000
tfs1_64.txt	100	100	100	100	29631	30000	7.080000
tfs1_65.txt	100	100	100	100	29205	30000	3.190000
tfs1_66.txt	100	100	100	100	29558	30000	7.800000
tfs1_67.txt	100	100	100	100	29661	30000	7.910000
tfs1_68.txt	100	100	100	100	29685	30000	4.770000
tfs1_69.txt	100	100	100	100	29523	30000	4.880000
tfs1_70.txt	100	100	100	100	29565	30000	4.830000
tfs1_71.txt	100	100	100	300	29790	30000	7.030000
tfs1_72.txt	100	100	100	300	29709	30000	8.190000
tfs1_73.txt	100	100	100	300	29778	30000	6.700000
tfs1_74.txt	100	100	100	300	29884	30000	9.290000
tfs1_75.txt	100	100	100	300	29784	30000	5.110000
tfs1_76.txt	100	100	100	300	29982	30000	9.340000
tfs1_77.txt	100	100	100	300	29790	30000	8.350000
tfs1_78.txt	100	100	100	300	29985	30000	6.370000
tfs1_79.txt	100	100	100	300	29904	30000	5.390000
tfs1_80.txt	100	100	100	300	29781	30000	6.810000
tfs1_81.txt	100	100	100	400	29985	30000	2.970000
tfs1_82.txt	100	100	100	400	29765	30000	7.910000
tfs1_83.txt	100	100	100	400	29970	30000	7.910000
tfs1_84.txt	100	100	100	400	29877	30000	5.820000
tfs1_85.txt	100	100	100	400	29808	30000	7.580000
tfs1_86.txt	100	100	100	400	30000	30000	0.050000
tfs1_87.txt	100	100	100	400	30000	30000	2.630000
tfs1_88.txt	100	100	100	400	30000	30000	0.000000
tfs1_89.txt	100	100	100	400	29888	30000	7.580000
tfs1_90.txt	100	100	100	400	29856	30000	7.200000
tfs1_91.txt	100	100	150	150	29964	30000	5.330000
tfs1_92.txt	100	100	150	150	29688	30000	10.660000
tfs1_93.txt	100	100	150	150	29742	30000	11.200000
tfs1_94.txt	100	100	150	150	29775	30000	10.000000
tfs1_95.txt	100	100	150	150	29878	30000	15.930000
tfs1_96.txt	100	100	150	150	29794	30000	10.270000
tfs1_97.txt	100	100	150	150	29700	30000	7.740000
tfs1_98.txt	100	100	150	150	29826	30000	7.190000
tfs1_99.txt	100	100	150	150	29862	30000	6.530000
tfs1_100.txt	100	100	150	150	29736	30000	8.680000
tfs1_101.txt	100	100	150	450	30000	30000	0.440000
tfs1_102.txt	100	100	150	450	29988	30000	7.520000
tfs1_103.txt	100	100	150	450	29946	30000	9.670000
tfs1_104.txt	100	100	150	450	29952	30000	6.870000
tfs1_105.txt	100	100	150	450	29982	30000	10.330000
tfs1_106.txt	100	100	150	450	29922	30000	11.480000
tfs1_107.txt	100	100	150	450	29958	30000	7.580000
tfs1_108.txt	100	100	150	450	29979	30000	6.870000
tfs1_109.txt	100	100	150	450	30000	30000	0.380000
tfs1_110.txt	100	100	150	450	29964	30000	7.250000
tfs1_111.txt	100	100	150	600	29958	30000	8.400000
tfs1_112.txt	100	100	150	600	29940	30000	4.110000
tfs1_113.txt	100	100	150	600	29979	30000	8.730000
tfs1_114.txt	100	100	150	600	29958	30000	5.710000
tfs1_115.txt	100	100	150	600	29940	30000	9.220000
tfs1_116.txt	100	100	150	600	30000	30000	1.700000
tfs1_117.txt	100	100	150	600	29854	30000	8.400000
tfs1_118.txt	100	100	150	600	30000	30000	0.710000
tfs1_119.txt	100	100	150	600	30000	30000	0.170000
tfs1_120.txt	100	100	150	600	29892	30000	8.510000
tfs1_121.txt	100	100	250	250	29883	30000	12.740000
tfs1_122.txt	100	100	250	250	29907	30000	10.490000
tfs1_123.txt	100	100	250	250	29860	30000	12.410000
tfs1_124.txt	100	100	250	250	29787	30000	9.840000
tfs1_125.txt	100	100	250	250	29829	30000	6.200000
tfs1_126.txt	100	100	250	250	29773	30000	13.510000
tfs1_127.txt	100	100	250	250	29733	30000	8.460000
tfs1_128.txt	100	100	250	250	29853	30000	12.360000
tfs1_129.txt	100	100	250	250	29790	30000	11.480000
tfs1_130.txt	100	100	250	250	29944	30000	13.240000
tfs1_131.txt	100	100	250	750	29970	30000	9.880000
tfs1_132.txt	100	100	250	750	30000	30000	4.390000
tfs1_133.txt	100	100	250	750	29952	30000	9.670000
tfs1_134.txt	100	100	250	750	30000	30000	0.330000
tfs1_135.txt	100	100	250	750	30000	30000	0.720000
tfs1_136.txt	100	100	250	750	29936	30000	9.610000
tfs1_137.txt	100	100	250	750	29988	30000	11.480000
tfs1_138.txt	100	100	250	750	30000	30000	0.000000
tfs1_139.txt	100	100	250	750	29964	30000	9.670000
tfs1_140.txt	100	100	250	750	29922	30000	7.910000
tfs1_141.txt	100	100	250	1000	30000	30000	0.270000
tfs1_142.txt	100	100	250	1000	29982	30000	10.380000
tfs1_143.txt	100	100	250	1000	29982	30000	8.620000
tfs1_144.txt	100	100	250	1000	30000	30000	0.980000
tfs1_145.txt	100	100	250	1000	29943	30000	12.570000
tfs1_146.txt	100	100	250	1000	29994	30000	9.440000
tfs1_147.txt	100	100	250	1000	30000	30000	0.110000
tfs1_148.txt	100	100	250	1000	30000	30000	0.050000
tfs1_149.txt	100	100	250	1000	30000	30000	4.670000
tfs1_150.txt	100	100	250	1000	30000	30000	3.510000
tfs1_151.txt	100	100	500	500	29869	30000	12.090000
tfs1_152.txt	100	100	500	500	29973	30000	14.060000
tfs1_153.txt	100	100	500	500	29976	30000	14.940000
tfs1_154.txt	100	100	500	500	29973	30000	12.310000
tfs1_155.txt	100	100	500	500	30000	30000	0.050000
tfs1_156.txt	100	100	500	500	29990	30000	14.170000
tfs1_157.txt	100	100	500	500	29994	30000	15.490000
tfs1_158.txt	100	100	500	500	30000	30000	0.380000
tfs1_159.txt	100	100	500	500	29958	30000	11.920000
tfs1_160.txt	100	100	500	500	29988	30000	11.430000
tfs1_161.txt	100	100	500	1500	30000	30000	2.200000
tfs1_162.txt	100	100	500	1500	30000	30000	0.050000
tfs1_163.txt	100	100	500	1500	30000	30000	0.490000
tfs1_164.txt	100	100	500	1500	30000	30000	0.280000
tfs1_165.txt	100	100	500	1500	30000	30000	1.760000
tfs1_166.txt	100	100	500	1500	30000	30000	1.650000
tfs1_167.txt	100	100	500	1500	30000	30000	0.110000
tfs1_168.txt	100	100	500	1500	30000	30000	0.000000
tfs1_169.txt	100	100	500	1500	30000	30000	0.060000
tfs1_170.txt	100	100	500	1500	30000	30000	0.060000
tfs1_171.txt	100	100	500	2000	30000	30000	0.440000
tfs1_172.txt	100	100	500	2000	30000	30000	0.710000
tfs1_173.txt	100	100	500	2000	30000	30000	0.060000
tfs1_174.txt	100	100	500	2000	30000	30000	0.160000
tfs1_175.txt	100	100	500	2000	30000	30000	0.380000
tfs1_176.txt	100	100	500	2000	30000	30000	0.330000
tfs1_177.txt	100	100	500	2000	30000	30000	0.170000
tfs1_178.txt	100	100	500	2000	30000	30000	0.060000
tfs1_179.txt	100	100	500	2000	30000	30000	0.220000
tfs1_180.txt	100	100	500	2000	30000	30000	0.110000
tfs1_181.txt	100	100	1000	1000	30000	30000	1.540000
tfs1_182.txt	100	100	1000	1000	30000	30000	0.000000
tfs1_183.txt	100	100	1000	1000	29994	30000	19.770000
tfs1_184.txt	100	100	1000	1000	30000	30000	1.430000
tfs1_185.txt	100	100	1000	1000	30000	30000	0.660000
tfs1_186.txt	100	100	1000	1000	30000	30000	0.060000
tfs1_187.txt	100	100	1000	1000	30000	30000	13.680000
tfs1_188.txt	100	100	1000	1000	30000	30000	0.930000
tfs1_189.txt	100	100	1000	1000	30000	30000	0.060000
tfs1_190.txt	100	100	1000	1000	30000	30000	1.260000
tfs1_191.txt	100	100	1000	3000	30000	30000	0.550000
tfs1_192.txt	100	100	1000	3000	30000	30000	0.160000
tfs1_193.txt	100	100	1000	3000	30000	30000	0.820000
tfs1_194.txt	100	100	1000	3000	30000	30000	0.110000
tfs1_195.txt	100	100	1000	3000	30000	30000	0.000000
tfs1_196.txt	100	100	1000	3000	30000	30000	0.170000
tfs1_197.txt	100	100	1000	3000	30000	30000	0.050000
tfs1_198.txt	100	100	1000	3000	30000	30000	0.940000
tfs1_199.txt	100	100	1000	3000	30000	30000	0.440000
tfs1_200.txt	100	100	1000	3000	30000	30000	0.220000
tfs1_201.txt	100	100	1000	4000	30000	30000	0.000000
tfs1_202.txt	100	100	1000	4000	30000	30000	0.050000
tfs1_203.txt	100	100	1000	4000	30000	30000	0.170000
tfs1_204.txt	100	100	1000	4000	30000	30000	0.060000
tfs1_205.txt	100	100	1000	4000	30000	30000	0.160000
tfs1_206.txt	100	100	1000	4000	30000	30000	0.050000
tfs1_207.txt	100	100	1000	4000	30000	30000	0.110000
tfs1_208.txt	100	100	1000	4000	30000	30000	0.500000
tfs1_209.txt	100	100	1000	4000	30000	30000	0.060000
tfs1_210.txt	100	100	1000	4000	30000	30000	0.110000
tfs2_1.txt	100	100	40	40	27659	29973	5.600000
tfs2_2.txt	100	100	40	40	27997	29994	5.330000
tfs2_3.txt	100	100	40	40	26842	29994	9.890000
tfs2_4.txt	100	100	40	40	29319	30000	6.370000
tfs2_5.txt	100	100	40	40	26414	29997	6.260000
tfs2_6.txt	100	100	40	40	27056	30000	7.360000
tfs2_7.txt	100	100	40	40	27244	30000	8.020000
tfs2_8.txt	100	100	40	40	26837	29976	5.110000
tfs2_9.txt	100	100	40	40	28146	30000	5.110000
tfs2_10.txt	100	100	40	40	27716	30000	5.770000
tfs2_11.txt	100	100	40	120	29688	30000	6.590000
tfs2_12.txt	100	100	40	120	29316	30000	7.970000
tfs2_13.txt	100	100	40	120	28260	30000	4.890000
tfs2_14.txt	100	100	40	120	29559	30000	6.040000
tfs2_15.txt	100	100	40	120	28619	30000	4.340000
tfs2_16.txt	100	100	40	120	29886	30000	4.230000
tfs2_17.txt	100	100	40	120	29667	30000	5.760000
tfs2_18.txt	100	100	40	120	29511	30000	6.710000
tfs2_19.txt	100	100	40	120	29580	30000	4.340000
tfs2_20.txt	100	100	40	120	29022	30000	3.130000
tfs2_21.txt	100	100	40	160	28950	30000	4.340000
tfs2_22.txt	100	100	40	160	29697	30000	6.040000
tfs2_23.txt	100	100	40	160	29730	30000	3.410000
tfs2_24.txt	100	100	40	160	29836	30000	6.810000
tfs2_25.txt	100	100	40	160	29303	30000	6.810000
tfs2_26.txt	100	100	40	160	29018	30000	4.450000
tfs2_27.txt	100	100	40	160	29013	30000	5.440000
tfs2_28.txt	100	100	40	160	29592	30000	5.880000
tfs2_29.txt	100	100	40	160	29820	30000	11.260000
tfs2_30.txt	100	100	40	160	28824	29994	3.740000
tfs2_31.txt	100	100	50	50	28684	30000	10.430000
tfs2_32.txt	100	100	50	50	28984	30000	5.110000
tfs2_33.txt	100	100	50	50	29262	30000	3.570000
tfs2_34.txt	100	100	50	50	29502	30000	4.720000
tfs2_35.txt	100	100	50	50	26690	29994	4.560000
tfs2_36.txt	100	100	50	50	28261	30000	14.720000
tfs2_37.txt	100	100	50	50	28074	30000	9.280000
tfs2_38.txt	100	100	50	50	28462	29997	6.970000
tfs2_39.txt	100	100	50	50	29050	30000	8.190000
tfs2_40.txt	100	100	50	50	28164	30000	6.540000
tfs2_41.txt	100	100	50	150	29622	30000	3.840000
tfs2_42.txt	100	100	50	150	29912	30000	5.720000
tfs2_43.txt	100	100	50	150	29128	30000	5.110000
tfs2_44.txt	100	100	50	150	29140	30000	5.110000
tfs2_45.txt	100	100	50	150	28984	30000	7.200000
tfs2_46.txt	100	100	50	150	29916	30000	4.450000
tfs2_47.txt	100	100	50	150	29700	30000	5.160000
tfs2_48.txt	100	100	50	150	29715	30000	9.220000
tfs2_49.txt	100	100	50	150	29922	30000	9.500000
tfs2_50.txt	100	100	50	150	29637	30000	10.820000
tfs2_51.txt	100	100	50	200	29628	30000	5.990000
tfs2_52.txt	100	100	50	200	29652	30000	6.040000
tfs2_53.txt	100	100	50	200	29410	30000	10.110000
tfs2_54.txt	100	100	50	200	29581	30000	8.300000
tfs2_55.txt	100	100	50	200	29076	30000	10.050000
tfs2_56.txt	100	100	50	200	29940	30000	5.170000
tfs2_57.txt	100	100	50	200	29646	30000	4.280000
tfs2_58.txt	100	100	50	200	29581	30000	5.650000
tfs2_59.txt	100	100	50	200	29887	30000	8.520000
tfs2_60.txt	100	100	50	200	29634	30000	7.310000
tfs2_61.txt	100	100	100	100	29448	30000	6.310000
tfs2_62.txt	100	100	100	100	29706	30000	10.380000
tfs2_63.txt	100	100	100	100	29847	30000	7.410000
tfs2_64.txt	100	100	100	100	29644	30000	7.740000
tfs2_65.txt	100	100	100	100	29506	30000	15.550000
tfs2_66.txt	100	100	100	100	29425	30000	9.390000
tfs2_67.txt	100	100	100	100	29317	30000	9.780000
tfs2_68.txt	100	100	100	100	29440	30000	16.040000
tfs2_69.txt	100	100	100	100	29685	30000	15.050000
tfs2_70.txt	100	100	100	100	29520	30000	4.500000
tfs2_71.txt	100	100	100	300	30000	30000	0.000000
tfs2_72.txt	100	100	100	300	29964	30000	8.740000
tfs2_73.txt	100	100	100	300	29754	30000	4.610000
tfs2_74.txt	100	100	100	300	29724	30000	9.440000
tfs2_75.txt	100	100	100	300	29898	30000	6.210000
tfs2_76.txt	100	100	100	300	29836	30000	12.530000
tfs2_77.txt	100	100	100	300	29982	30000	5.330000
tfs2_78.txt	100	100	100	300	29928	30000	10.870000
tfs2_79.txt	100	100	100	300	29928	30000	8.780000
tfs2_80.txt	100	100	100	300	29652	30000	5.980000
tfs2_81.txt	100	100	100	400	29895	30000	10.820000
tfs2_82.txt	100	100	100	400	30000	30000	9.120000
tfs2_83.txt	100	100	100	400	29838	30000	7.640000
tfs2_84.txt	100	100	100	400	29847	30000	9.720000
tfs2_85.txt	100	100	100	400	29859	30000	9.290000
tfs2_86.txt	100	100	100	400	30000	30000	0.710000
tfs2_87.txt	100	100	100	400	29937	30000	8.960000
tfs2_88.txt	100	100	100	400	29886	30000	7.740000
tfs2_89.txt	100	100	100	400	29928	30000	4.780000
tfs2_90.txt	100	100	100	400	29730	30000	7.580000
tfs2_91.txt	100	100	150	150	29801	30000	11.700000
tfs2_92.txt	100	100	150	150	29539	30000	8.180000
tfs2_93.txt	100	100	150	150	29934	30000	10.330000
tfs2_94.txt	100	100	150	150	29834	30000	11.590000
tfs2_95.txt	100	100	150	150	29643	30000	10.490000
tfs2_96.txt	100	100	150	150	29674	30000	10.330000
tfs2_97.txt	100	100	150	150	29786	30000	10.000000
tfs2_98.txt	100	100	150	150	29765	30000	9.610000
tfs2_99.txt	100	100	150	150	29823	30000	9.110000
tfs2_100.txt	100	100	150	150	29833	30000	9.770000
tfs2_101.txt	100	100	150	450	29961	30000	8.850000
tfs2_102.txt	100	100	150	450	29958	30000	8.070000
tfs2_103.txt	100	100	150	450	29988	30000	5.490000
tfs2_104.txt	100	100	150	450	29985	30000	7.200000
tfs2_105.txt	100	100	150	450	29882	30000	10.870000
tfs2_106.txt	100	100	150	450	29958	30000	8.020000
tfs2_107.txt	100	100	150	450	30000	30000	0.000000
tfs2_108.txt	100	100	150	450	29901	30000	8.460000
tfs2_109.txt	100	100	150	450	30000	30000	0.770000
tfs2_110.txt	100	100	150	450	29976	30000	11.430000
tfs2_111.txt	100	100	150	600	29883	30000	8.570000
tfs2_112.txt	100	100	150	600	30000	30000	0.390000
tfs2_113.txt	100	100	150	600	30000	30000	4.500000
tfs2_114.txt	100	100	150	600	30000	30000	1.760000
tfs2_115.txt	100	100	150	600	29991	30000	9.010000
tfs2_116.txt	100	100	150	600	29970	30000	7.250000
tfs2_117.txt	100	100	150	600	30000	30000	2.250000
tfs2_118.txt	100	100	150	600	30000	30000	0.490000
tfs2_119.txt	100	100	150	600	29952	30000	9.670000
tfs2_120.txt	100	100	150	600	29976	30000	9.280000
tfs2_121.txt	100	100	250	250	29871	30000	15.870000
tfs2_122.txt	100	100	250	250	29685	30000	11.650000
tfs2_123.txt	100	100	250	250	29652	30000	10.430000
tfs2_124.txt	100	100	250	250	29967	30000	12.630000
tfs2_125.txt	100	100	250	250	29976	30000	15.050000
tfs2_126.txt	100	100	250	250	29834	30000	19.390000
tfs2_127.txt	100	100	250	250	29813	30000	14.060000
tfs2_128.txt	100	100	250	250	29890	30000	12.460000
tfs2_129.txt	100	100	250	250	29988	30000	11.090000
tfs2_130.txt	100	100	250	250	29691	30000	13.300000
tfs2_131.txt	100	100	250	750	29966	30000	10.930000
tfs2_132.txt	100	100	250	750	30000	30000	0.990000
tfs2_133.txt	100	100	250	750	29988	30000	10.110000
tfs2_134.txt	100	100	250	750	30000	30000	0.440000
tfs2_135.txt	100	100	250	750	29982	30000	10.930000
tfs2_136.txt	100	100	250	750	29994	30000	11.980000
tfs2_137.txt	100	100	250	750	30000	30000	0.000000
tfs2_138.txt	100	100	250	750	29982	30000	13.080000
tfs2_139.txt	100	100	250	750	29952	30000	13.340000
tfs2_140.txt	100	100	250	750	29972	30000	11.200000
tfs2_141.txt	100	100	250	1000	30000	30000	0.110000
tfs2_142.txt	100	100	250	1000	30000	30000	0.000000
tfs2_143.txt	100	100	250	1000	30000	30000	0.550000
tfs2_144.txt	100	100	250	1000	30000	30000	0.990000
tfs2_145.txt	100	100	250	1000	29982	30000	11.150000
tfs2_146.txt	100	100	250	1000	29976	30000	9.610000
tfs2_147.txt	100	100	250	1000	30000	30000	0.550000
tfs2_148.txt	100	100	250	1000	30000	30000	1.480000
tfs2_149.txt	100	100	250	1000	30000	30000	0.220000
tfs2_150.txt	100	100	250	1000	30000	30000	0.270000
tfs2_151.txt	100	100	500	500	29982	30000	21.150000
tfs2_152.txt	100	100	500	500	29968	30000	15.760000
tfs2_153.txt	100	100	500	500	29988	30000	14.720000
tfs2_154.txt	100	100	500	500	29982	30000	18.620000
tfs2_155.txt	100	100	500	500	29988	30000	15.870000
tfs2_156.txt	100	100	500	500	29976	30000	13.890000
tfs2_157.txt	100	100	500	500	30000	30000	13.240000
tfs2_158.txt	100	100	500	500	29958	30000	17.850000
tfs2_159.txt	100	100	500	500	29973	30000	15.710000
tfs2_160.txt	100	100	500	500	30000	30000	0.880000
tfs2_161.txt	100	100	500	1500	30000	30000	0.160000
tfs2_162.txt	100	100	500	1500	30000	30000	0.050000
tfs2_163.txt	100	100	500	1500	30000	30000	0.110000
tfs2_164.txt	100	100	500	1500	30000	30000	0.060000
tfs2_165.txt	100	100	500	1500	30000	30000	1.700000
tfs2_166.txt	100	100	500	1500	30000	30000	0.000000
tfs2_167.txt	100	100	500	1500	30000	30000	0.170000
tfs2_168.txt	100	100	500	1500	30000	30000	0.060000
tfs2_169.txt	100	100	500	1500	30000	30000	3.730000
tfs2_170.txt	100	100	500	1500	30000	30000	13.560000
tfs2_171.txt	100	100	500	2000	30000	30000	0.050000
tfs2_172.txt	100	100	500	2000	30000	30000	0.050000
tfs2_173.txt	100	100	500	2000	30000	30000	0.280000
tfs2_174.txt	100	100	500	2000	30000	30000	0.440000
tfs2_175.txt	100	100	500	2000	30000	30000	3.400000
tfs2_176.txt	100	100	500	2000	30000	30000	9.220000
tfs2_177.txt	100	100	500	2000	30000	30000	0.050000
tfs2_178.txt	100	100	500	2000	30000	30000	1.490000
tfs2_179.txt	100	100	500	2000	30000	30000	0.220000
tfs2_180.txt	100	100	500	2000	30000	30000	0.220000
tfs2_181.txt	100	100	1000	1000	30000	30000	2.470000
tfs2_182.txt	100	100	1000	1000	30000	30000	2.080000
tfs2_183.txt	100	100	1000	1000	30000	30000	0.330000
tfs2_184.txt	100	100	1000	1000	29996	30000	23.240000
tfs2_185.txt	100	100	1000	1000	30000	30000	0.000000
tfs2_186.txt	100	100	1000	1000	30000	30000	0.990000
tfs2_187.txt	100	100	1000	1000	29990	30000	22.520000
tfs2_188.txt	100	100	1000	1000	30000	30000	1.920000
tfs2_189.txt	100	100	1000	1000	30000	30000	0.990000
tfs2_190.txt	100	100	1000	1000	30000	30000	0.280000
tfs2_191.txt	100	100	1000	3000	30000	30000	0.060000
tfs2_192.txt	100	100	1000	3000	30000	30000	0.110000
tfs2_193.txt	100	100	1000	3000	30000	30000	0.050000
tfs2_194.txt	100	100	1000	3000	30000	30000	0.220000
tfs2_195.txt	100	100	1000	3000	30000	30000	0.060000
tfs2_196.txt	100	100	1000	3000	30000	30000	0.440000
tfs2_197.txt	100	100	1000	3000	30000	30000	0.220000
tfs2_198.txt	100	100	1000	3000	30000	30000	0.110000
tfs2_199.txt	100	100	1000	3000	30000	30000	0.000000
tfs2_200.txt	100	100	1000	3000	30000	30000	0.000000
tfs2_201.txt	100	100	1000	4000	30000	30000	1.320000
tfs2_202.txt	100	100	1000	4000	30000	30000	0.050000
tfs2_203.txt	100	100	1000	4000	30000	30000	0.170000
tfs2_204.txt	100	100	1000	4000	30000	30000	0.110000
tfs2_205.txt	100	100	1000	4000	30000	30000	0.110000
tfs2_206.txt	100	100	1000	4000	30000	30000	0.280000
tfs2_207.txt	100	100	1000	4000	30000	30000	0.050000
tfs2_208.txt	100	100	1000	4000	30000	30000	0.050000
tfs2_209.txt	100	100	1000	4000	30000	30000	0.060000
tfs2_210.txt	100	100	1000	4000	30000	30000	0.110000
tfs3_1.txt	100	100	40	40	28315	29991	11.920000
tfs3_2.txt	100	100	40	40	27697	29991	12.910000
tfs3_3.txt	100	100	40	40	28877	30000	5.270000
tfs3_4.txt	100	100	40	40	26374	28170	10.330000
tfs3_5.txt	100	100	40	40	27754	30000	7.080000
tfs3_6.txt	100	100	40	40	28821	30000	9.450000
tfs3_7.txt	100	100	40	40	28543	30000	5.980000
tfs3_8.txt	100	100	40	40	28329	30000	7.750000
tfs3_9.txt	100	100	40	40	27994	30000	4.120000
tfs3_10.txt	100	100	40	40	25959	29991	6.200000
tfs3_11.txt	100	100	40	120	29658	30000	7.300000
tfs3_12.txt	100	100	40	120	29646	30000	6.870000
tfs3_13.txt	100	100	40	120	29736	30000	4.120000
tfs3_14.txt	100	100	40	120	29385	30000	5.380000
tfs3_15.txt	100	100	40	120	29208	30000	4.940000
tfs3_16.txt	100	100	40	120	29622	30000	8.790000
tfs3_17.txt	100	100	40	120	29565	30000	3.840000
tfs3_18.txt	100	100	40	120	29436	30000	7.800000
tfs3_19.txt	100	100	40	120	29928	30000	2.750000
tfs3_20.txt	100	100	40	120	29400	30000	4.890000
tfs3_21.txt	100	100	40	160	29658	30000	4.560000
tfs3_22.txt	100	100	40	160	29140	30000	6.700000
tfs3_23.txt	100	100	40	160	29541	30000	8.070000
tfs3_24.txt	100	100	40	160	29700	30000	3.460000
tfs3_25.txt	100	100	40	160	29724	30000	5.110000
tfs3_26.txt	100	100	40	160	29313	30000	5.940000
tfs3_27.txt	100	100	40	160	29664	30000	5.710000
tfs3_28.txt	100	100	40	160	29505	30000	6.150000
tfs3_29.txt	100	100	40	160	29362	30000	13.070000
tfs3_30.txt	100	100	40	160	29822	30000	8.460000
tfs3_31.txt	100	100	50	50	28941	30000	9.780000
tfs3_32.txt	100	100	50	50	29415	30000	5.330000
tfs3_33.txt	100	100	50	50	28694	30000	13.290000
tfs3_34.txt	100	100	50	50	26968	29982	5.160000
tfs3_35.txt	100	100	50	50	28751	30000	5.110000
tfs3_36.txt	100	100	50	50	28149	29994	13.020000
tfs3_37.txt	100	100	50	50	28911	30000	11.420000
tfs3_38.txt	100	100	50	50	28056	30000	10.930000
tfs3_39.txt	100	100	50	50	28773	30000	7.140000
tfs3_40.txt	100	100	50	50	28299	30000	5.220000
tfs3_41.txt	100	100	50	150	29742	30000	8.290000
tfs3_42.txt	100	100	50	150	29667	30000	7.360000
tfs3_43.txt	100	100	50	150	29880	30000	11.970000
tfs3_44.txt	100	100	50	150	29430	30000	5.710000
tfs3_45.txt	100	100	50	150	29250	30000	6.590000
tfs3_46.txt	100	100	50	150	29847	30000	8.080000
tfs3_47.txt	100	100	50	150	29119	30000	13.070000
tfs3_48.txt	100	100	50	150	29592	30000	9.440000
tfs3_49.txt	100	100	50	150	29250	30000	2.750000
tfs3_50.txt	100	100	50	150	29592	30000	7.970000
tfs3_51.txt	100	100	50	200	29754	30000	4.450000
tfs3_52.txt	100	100	50	200	29379	30000	5.820000
tfs3_53.txt	100	100	50	200	29736	30000	8.230000
tfs3_54.txt	100	100	50	200	29462	30000	10.110000
tfs3_55.txt	100	100	50	200	29558	30000	12.190000
tfs3_56.txt	100	100	50	200	29862	30000	7.520000
tfs3_57.txt	100	100	50	200	29535	30000	6.650000
tfs3_58.txt	100	100	50	200	29610	30000	6.640000
tfs3_59.txt	100	100	50	200	29839	30000	8.410000
tfs3_60.txt	100	100	50	200	30000	30000	1.810000
tfs3_61.txt	100	100	100	100	29532	30000	17.970000
tfs3_62.txt	100	100	100	100	29525	30000	13.840000
tfs3_63.txt	100	100	100	100	29399	30000	18.460000
tfs3_64.txt	100	100	100	100	29532	30000	8.680000
tfs3_65.txt	100	100	100	100	29746	30000	10.540000
tfs3_66.txt	100	100	100	100	29778	30000	15.980000
tfs3_67.txt	100	100	100	100	29282	30000	7.250000
tfs3_68.txt	100	100	100	100	29340	30000	5.660000
tfs3_69.txt	100	100	100	100	29214	30000	11.480000
tfs3_70.txt	100	100	100	100	29535	30000	10.160000
tfs3_71.txt	100	100	100	300	29895	30000	11.480000
tfs3_72.txt	100	100	100	300	29868	30000	9.010000
tfs3_73.txt	100	100	100	300	29958	30000	8.510000
tfs3_74.txt	100	100	100	300	29583	30000	9.610000
tfs3_75.txt	100	100	100	300	29802	30000	8.670000
tfs3_76.txt	100	100	100	300	29964	30000	7.910000
tfs3_77.txt	100	100	100	300	29934	30000	8.410000
tfs3_78.txt	100	100	100	300	29820	30000	7.850000
tfs3_79.txt	100	100	100	300	29852	30000	11.640000
tfs3_80.txt	100	100	100	300	29886	30000	10.600000
tfs3_81.txt	100	100	100	400	30000	30000	0.000000
tfs3_82.txt	100	100	100	400	29889	30000	9.720000
tfs3_83.txt	100	100	100	400	30000	30000	0.000000
tfs3_84.txt	100	100	100	400	29784	30000	10.380000
tfs3_85.txt	100	100	100	400	29931	30000	11.200000
tfs3_86.txt	100	100	100	400	29976	30000	7.200000
tfs3_87.txt	100	100	100	400	29988	30000	8.350000
tfs3_88.txt	100	100	100	400	29976	30000	13.290000
tfs3_89.txt	100	100	100	400	30000	30000	1.480000
tfs3_90.txt	100	100	100	400	29976	30000	12.410000
tfs3_91.txt	100	100	150	150	29500	30000	18.240000
tfs3_92.txt	100	100	150	150	29816	30000	17.520000
tfs3_93.txt	100	100	150	150	29771	30000	12.140000
tfs3_94.txt	100	100	150	150	29601	30000	14.280000
tfs3_95.txt	100	100	150	150	29747	30000	11.150000
tfs3_96.txt	100	100	150	150	29503	30000	16.090000
tfs3_97.txt	100	100	150	150	29655	30000	11.040000
tfs3_98.txt	100	100	150	150	29387	30000	5.050000
tfs3_99.txt	100	100	150	150	29688	30000	10.440000
tfs3_100.txt	100	100	150	150	29597	30000	13.020000
tfs3_101.txt	100	100	150	450	29916	30000	11.310000
tfs3_102.txt	100	100	150	450	30000	30000	0.380000
tfs3_103.txt	100	100	150	450	29862	30000	10.710000
tfs3_104.txt	100	100	150	450	29991	30000	10.980000
tfs3_105.txt	100	100	150	450	29970	30000	12.360000
tfs3_106.txt	100	100	150	450	29958	30000	16.590000
tfs3_107.txt	100	100	150	450	29948	30000	14.120000
tfs3_108.txt	100	100	150	450	30000	30000	0.110000
tfs3_109.txt	100	100	150	450	29871	30000	13.900000
tfs3_110.txt	100	100	150	450	30000	30000	0.000000
tfs3_111.txt	100	100	150	600	29964	30000	9.510000
tfs3_112.txt	100	100	150	600	29952	30000	6.970000
tfs3_113.txt	100	100	150	600	29946	30000	7.740000
tfs3_114.txt	100	100	150	600	29862	30000	15.770000
tfs3_115.txt	100	100	150	600	30000	30000	3.950000
tfs3_116.txt	100	100	150	600	29952	30000	10.930000
tfs3_117.txt	100	100	150	600	29992	30000	11.040000
tfs3_118.txt	100	100	150	600	30000	30000	0.990000
tfs3_119.txt	100	100	150	600	30000	30000	3.900000
tfs3_120.txt	100	100	150	600	29910	30000	9.120000
tfs3_121.txt	100	100	250	250	29897	30000	16.040000
tfs3_122.txt	100	100	250	250	29835	30000	14.610000
tfs3_123.txt	100	100	250	250	29910	30000	12.740000
tfs3_124.txt	100	100	250	250	29827	30000	16.200000
tfs3_125.txt	100	100	250	250	29789	30000	14.660000
tfs3_126.txt	100	100	250	250	29994	30000	14.010000
tfs3_127.txt	100	100	250	250	29904	30000	11.760000
tfs3_128.txt	100	100	250	250	29622	30000	14.220000
tfs3_129.txt	100	100	250	250	29838	30000	15.590000
tfs3_130.txt	100	100	250	250	29951	30000	13.670000
tfs3_131.txt	100	100	250	750	30000	30000	8.450000
tfs3_132.txt	100	100	250	750	30000	30000	0.710000
tfs3_133.txt	100	100	250	750	29976	30000	9.720000
tfs3_134.txt	100	100	250	750	29982	30000	11.920000
tfs3_135.txt	100	100	250	750	30000	30000	0.440000
tfs3_136.txt	100	100	250	750	30000	30000	5.550000
tfs3_137.txt	100	100	250	750	29988	30000	14.830000
tfs3_138.txt	100	100	250	750	30000	30000	2.910000
tfs3_139.txt	100	100	250	750	29964	30000	14.230000
tfs3_140.txt	100	100	250	750	30000	30000	0.880000
tfs3_141.txt	100	100	250	1000	30000	30000	0.060000
tfs3_142.txt	100	100	250	1000	30000	30000	7.090000
tfs3_143.txt	100	100	250	1000	29991	30000	12.910000
tfs3_144.txt	100	100	250	1000	30000	30000	0.050000
tfs3_145.txt	100	100	250	1000	30000	30000	2.030000
tfs3_146.txt	100	100	250	1000	30000	30000	5.770000
tfs3_147.txt	100	100	250	1000	30000	30000	0.050000
tfs3_148.txt	100	100	250	1000	30000	30000	0.000000
tfs3_149.txt	100	100	250	1000	30000	30000	0.600000
tfs3_150.txt	100	100	250	1000	30000	30000	0.170000
tfs3_151.txt	100	100	500	500	29996	30000	18.790000
tfs3_152.txt	100	100	500	500	30000	30000	4.120000
tfs3_153.txt	100	100	500	500	29976	30000	19.990000
tfs3_154.txt	100	100	500	500	29985	30000	20.920000
tfs3_155.txt	100	100	500	500	29973	30000	21.100000
tfs3_156.txt	100	100	500	500	30000	30000	1.480000
tfs3_157.txt	100	100	500	500	29952	30000	18.240000
tfs3_158.txt	100	100	500	500	29982	30000	14.830000
tfs3_159.txt	100	100	500	500	29994	30000	17.850000
tfs3_160.txt	100	100	500	500	29967	30000	17.240000
tfs3_161.txt	100	100	500	1500	30000	30000	0.830000
tfs3_162.txt	100	100	500	1500	30000	30000	12.080000
tfs3_163.txt	100	100	500	1500	30000	30000	0.110000
tfs3_164.txt	100	100	500	1500	30000	30000	0.050000
tfs3_165.txt	100	100	500	1500	30000	30000	0.000000
tfs3_166.txt	100	100	500	1500	30000	30000	0.270000
tfs3_167.txt	100	100	500	1500	30000	30000	0.610000
tfs3_168.txt	100	100	500	1500	30000	30000	0.330000
tfs3_169.txt	100	100	500	1500	30000	30000	0.990000
tfs3_170.txt	100	100	500	1500	30000	30000	0.330000
tfs3_171.txt	100	100	500	2000	30000	30000	0.000000
tfs3_172.txt	100	100	500	2000	30000	30000	0.330000
tfs3_173.txt	100	100	500	2000	30000	30000	2.590000
tfs3_174.txt	100	100	500	2000	30000	30000	0.050000
tfs3_175.txt	100	100	500	2000	30000	30000	10.500000
tfs3_176.txt	100	100	500	2000	30000	30000	0.050000
tfs3_177.txt	100	100	500	2000	30000	30000	0.060000
tfs3_178.txt	100	100	500	2000	30000	30000	0.000000
tfs3_179.txt	100	100	500	2000	30000	30000	0.770000
tfs3_180.txt	100	100	500	2000	30000	30000	0.650000
tfs3_181.txt	100	100	1000	1000	30000	30000	0.440000
tfs3_182.txt	100	100	1000	1000	30000	30000	0.550000
tfs3_183.txt	100	100	1000	1000	30000	30000	2.090000
tfs3_184.txt	100	100	1000	1000	30000	30000	0.930000
tfs3_185.txt	100	100	1000	1000	30000	30000	20.370000
tfs3_186.txt	100	100	1000	1000	30000	30000	2.750000
tfs3_187.txt	100	100	1000	1000	30000	30000	1.050000
tfs3_188.txt	100	100	1000	1000	30000	30000	0.220000
tfs3_189.txt	100	100	1000	1000	30000	30000	0.000000
tfs3_190.txt	100	100	1000	1000	30000	30000	5.000000
tfs3_191.txt	100	100	1000	3000	30000	30000	0.220000
tfs3_192.txt	100	100	1000	3000	30000	30000	0.710000
tfs3_193.txt	100	100	1000	3000	30000	30000	0.220000
tfs3_194.txt	100	100	1000	3000	30000	30000	1.210000
tfs3_195.txt	100	100	1000	3000	30000	30000	0.280000
tfs3_196.txt	100	100	1000	3000	30000	30000	0.550000
tfs3_197.txt	100	100	1000	3000	30000	30000	0.330000
tfs3_198.txt	100	100	1000	3000	30000	30000	0.060000
tfs3_199.txt	100	100	1000	3000	30000	30000	0.330000
tfs3_200.txt	100	100	1000	3000	30000	30000	0.060000
tfs3_201.txt	100	100	1000	4000	30000	30000	0.170000
tfs3_202.txt	100	100	1000	4000	30000	30000	0.710000
tfs3_203.txt	100	100	1000	4000	30000	30000	0.500000
tfs3_204.txt	100	100	1000	4000	30000	30000	0.060000
tfs3_205.txt	100	100	1000	4000	30000	30000	0.050000
tfs3_206.txt	100	100	1000	4000	30000	30000	0.490000
tfs3_207.txt	100	100	1000	4000	30000	30000	0.050000
tfs3_208.txt	100	100	1000	4000	30000	30000	0.330000
tfs3_209.txt	100	100	1000	4000	30000	30000	0.110000
tfs3_210.txt	100	100	1000	4000	30000	30000	0.050000
Leung1.txt	400	200	9	10	80000	80000	0.000000
Leung2.txt	400	200	7	15	79000	79000	0.050000
Leung3.txt	400	400	5	20	154600	160000	5.060000
Leung4.txt	70	80	14	20	5411	5600	10.110000
Leung5.txt	70	80	16	25	5540	5600	15.210000
Leung6.txt	120	45	22	25	5328	5400	14.610000
Leung7.txt	90	45	16	30	3978	4050	12.410000
Leung8.txt	65	45	18	30	2841	2925	17.740000
Leung9.txt	150	110	40	40	15852	16500	91.450000
Leung10.txt	160	120	50	50	18616	19200	130.940000
Mejora lenta quitando ltimos
Ap1.txt	10	10	5	10	164	164	0.000000
Ap2.txt	10	10	7	17	230	230	0.000000
Ap3.txt	10	10	10	21	247	247	0.000000
Ap4.txt	15	10	5	7	268	268	0.000000
Ap5.txt	15	10	7	14	358	358	0.000000
Ap6.txt	15	10	10	15	289	289	0.050000
Ap7.txt	20	20	5	8	430	430	0.000000
Ap8.txt	20	20	7	13	834	834	0.050000
Ap9.txt	20	20	10	18	924	924	0.000000
Ap10.txt	30	30	5	13	1452	1452	0.000000
Ap11.txt	30	30	7	15	1688	1688	0.050000
Ap12.txt	30	30	10	22	1865	1865	0.050000
Ap13.txt	30	30	7	7	1178	1178	0.000000
Ap14.txt	30	30	15	15	1270	1270	0.000000
Ap15.txt	70	40	19	42	2726	2726	0.160000
Ap16.txt	40	70	20	62	1860	1860	0.110000
Ap17.txt	100	100	15	50	27589	27718	2.250000
Ap18.txt	100	100	30	30	21976	22502	4.000000
Ap19.txt	100	100	30	30	23743	24019	3.570000
Ap20.txt	100	100	33	61	32893	32893	0.000000
Ap21.txt	100	100	29	97	27923	27923	0.000000
tfs1_1.txt	100	100	40	40	27852	29955	2.580000
tfs1_2.txt	100	100	40	40	28277	30000	4.620000
tfs1_3.txt	100	100	40	40	27884	30000	3.130000
tfs1_4.txt	100	100	40	40	28494	30000	2.970000
tfs1_5.txt	100	100	40	40	28677	30000	2.910000
tfs1_6.txt	100	100	40	40	27686	30000	4.180000
tfs1_7.txt	100	100	40	40	28270	29994	7.140000
tfs1_8.txt	100	100	40	40	27840	30000	7.580000
tfs1_9.txt	100	100	40	40	27955	30000	6.380000
tfs1_10.txt	100	100	40	40	28936	29982	3.460000
tfs1_11.txt	100	100	40	120	28670	30000	4.670000
tfs1_12.txt	100	100	40	120	29458	30000	3.570000
tfs1_13.txt	100	100	40	120	29559	30000	4.450000
tfs1_14.txt	100	100	40	120	28680	30000	3.470000
tfs1_15.txt	100	100	40	120	29496	30000	4.230000
tfs1_16.txt	100	100	40	120	29388	30000	2.090000
tfs1_17.txt	100	100	40	120	27996	30000	3.790000
tfs1_18.txt	100	100	40	120	29564	30000	3.680000
tfs1_19.txt	100	100	40	120	29712	30000	5.270000
tfs1_20.txt	100	100	40	120	29112	30000	2.690000
tfs1_21.txt	100	100	40	160	29700	30000	2.300000
tfs1_22.txt	100	100	40	160	29586	30000	2.960000
tfs1_23.txt	100	100	40	160	29490	30000	3.460000
tfs1_24.txt	100	100	40	160	29240	30000	2.470000
tfs1_25.txt	100	100	40	160	29622	30000	3.520000
tfs1_26.txt	100	100	40	160	28940	30000	4.560000
tfs1_27.txt	100	100	40	160	29676	30000	3.350000
tfs1_28.txt	100	100	40	160	29517	30000	6.150000
tfs1_29.txt	100	100	40	160	29058	30000	2.740000
tfs1_30.txt	100	100	40	160	29296	30000	2.640000
tfs1_31.txt	100	100	50	50	29245	30000	5.330000
tfs1_32.txt	100	100	50	50	28400	29994	1.760000
tfs1_33.txt	100	100	50	50	28824	30000	6.650000
tfs1_34.txt	100	100	50	50	27693	30000	7.800000
tfs1_35.txt	100	100	50	50	28416	30000	4.510000
tfs1_36.txt	100	100	50	50	28580	30000	5.160000
tfs1_37.txt	100	100	50	50	29648	30000	2.040000
tfs1_38.txt	100	100	50	50	28170	30000	3.950000
tfs1_39.txt	100	100	50	50	29514	30000	8.560000
tfs1_40.txt	100	100	50	50	28257	30000	3.180000
tfs1_41.txt	100	100	50	150	29550	30000	3.790000
tfs1_42.txt	100	100	50	150	29800	30000	3.570000
tfs1_43.txt	100	100	50	150	29556	30000	4.340000
tfs1_44.txt	100	100	50	150	29397	30000	4.450000
tfs1_45.txt	100	100	50	150	29541	30000	5.600000
tfs1_46.txt	100	100	50	150	29371	30000	3.730000
tfs1_47.txt	100	100	50	150	29434	30000	4.560000
tfs1_48.txt	100	100	50	150	29370	30000	2.690000
tfs1_49.txt	100	100	50	150	29613	30000	3.350000
tfs1_50.txt	100	100	50	150	29298	30000	2.470000
tfs1_51.txt	100	100	50	200	29874	30000	3.460000
tfs1_52.txt	100	100	50	200	29760	30000	3.130000
tfs1_53.txt	100	100	50	200	29919	30000	3.510000
tfs1_54.txt	100	100	50	200	29928	30000	3.240000
tfs1_55.txt	100	100	50	200	29751	30000	6.320000
tfs1_56.txt	100	100	50	200	29881	30000	4.560000
tfs1_57.txt	100	100	50	200	29032	30000	5.600000
tfs1_58.txt	100	100	50	200	29799	30000	3.080000
tfs1_59.txt	100	100	50	200	29364	30000	3.740000
tfs1_60.txt	100	100	50	200	29292	30000	4.890000
tfs1_61.txt	100	100	100	100	29865	30000	7.250000
tfs1_62.txt	100	100	100	100	29224	30000	9.010000
tfs1_63.txt	100	100	100	100	29699	30000	5.170000
tfs1_64.txt	100	100	100	100	29631	30000	6.750000
tfs1_65.txt	100	100	100	100	29187	30000	3.620000
tfs1_66.txt	100	100	100	100	29558	30000	7.140000
tfs1_67.txt	100	100	100	100	29661	30000	7.080000
tfs1_68.txt	100	100	100	100	29685	30000	5.000000
tfs1_69.txt	100	100	100	100	29523	30000	5.110000
tfs1_70.txt	100	100	100	100	29565	30000	3.570000
tfs1_71.txt	100	100	100	300	29820	30000	5.380000
tfs1_72.txt	100	100	100	300	29709	30000	6.760000
tfs1_73.txt	100	100	100	300	29778	30000	5.550000
tfs1_74.txt	100	100	100	300	29884	30000	7.190000
tfs1_75.txt	100	100	100	300	29784	30000	4.450000
tfs1_76.txt	100	100	100	300	29982	30000	6.970000
tfs1_77.txt	100	100	100	300	29841	30000	6.920000
tfs1_78.txt	100	100	100	300	29985	30000	5.000000
tfs1_79.txt	100	100	100	300	29904	30000	4.560000
tfs1_80.txt	100	100	100	300	29781	30000	4.610000
tfs1_81.txt	100	100	100	400	29985	30000	3.400000
tfs1_82.txt	100	100	100	400	29765	30000	5.830000
tfs1_83.txt	100	100	100	400	29970	30000	5.490000
tfs1_84.txt	100	100	100	400	29877	30000	4.400000
tfs1_85.txt	100	100	100	400	29772	30000	5.270000
tfs1_86.txt	100	100	100	400	30000	30000	0.000000
tfs1_87.txt	100	100	100	400	30000	30000	2.860000
tfs1_88.txt	100	100	100	400	30000	30000	0.050000
tfs1_89.txt	100	100	100	400	29840	30000	5.600000
tfs1_90.txt	100	100	100	400	29955	30000	5.220000
tfs1_91.txt	100	100	150	150	29964	30000	5.880000
tfs1_92.txt	100	100	150	150	29688	30000	10.050000
tfs1_93.txt	100	100	150	150	29710	30000	11.150000
tfs1_94.txt	100	100	150	150	29763	30000	7.300000
tfs1_95.txt	100	100	150	150	29857	30000	15.270000
tfs1_96.txt	100	100	150	150	29794	30000	9.940000
tfs1_97.txt	100	100	150	150	29763	30000	7.250000
tfs1_98.txt	100	100	150	150	29826	30000	7.030000
tfs1_99.txt	100	100	150	150	29862	30000	7.530000
tfs1_100.txt	100	100	150	150	29736	30000	8.510000
tfs1_101.txt	100	100	150	450	30000	30000	0.050000
tfs1_102.txt	100	100	150	450	29988	30000	8.300000
tfs1_103.txt	100	100	150	450	29952	30000	8.180000
tfs1_104.txt	100	100	150	450	29952	30000	6.200000
tfs1_105.txt	100	100	150	450	29982	30000	8.890000
tfs1_106.txt	100	100	150	450	29922	30000	8.730000
tfs1_107.txt	100	100	150	450	29964	30000	7.200000
tfs1_108.txt	100	100	150	450	29949	30000	6.700000
tfs1_109.txt	100	100	150	450	30000	30000	1.920000
tfs1_110.txt	100	100	150	450	29988	30000	5.320000
tfs1_111.txt	100	100	150	600	29958	30000	6.970000
tfs1_112.txt	100	100	150	600	29940	30000	5.060000
tfs1_113.txt	100	100	150	600	29979	30000	9.170000
tfs1_114.txt	100	100	150	600	29958	30000	6.210000
tfs1_115.txt	100	100	150	600	29964	30000	7.580000
tfs1_116.txt	100	100	150	600	30000	30000	1.370000
tfs1_117.txt	100	100	150	600	29854	30000	7.310000
tfs1_118.txt	100	100	150	600	30000	30000	6.650000
tfs1_119.txt	100	100	150	600	30000	30000	0.110000
tfs1_120.txt	100	100	150	600	29892	30000	7.420000
tfs1_121.txt	100	100	250	250	29927	30000	12.030000
tfs1_122.txt	100	100	250	250	29868	30000	10.550000
tfs1_123.txt	100	100	250	250	29860	30000	13.460000
tfs1_124.txt	100	100	250	250	29907	30000	10.380000
tfs1_125.txt	100	100	250	250	29829	30000	6.980000
tfs1_126.txt	100	100	250	250	29773	30000	12.250000
tfs1_127.txt	100	100	250	250	29738	30000	9.610000
tfs1_128.txt	100	100	250	250	29849	30000	12.860000
tfs1_129.txt	100	100	250	250	29790	30000	11.750000
tfs1_130.txt	100	100	250	250	29944	30000	12.030000
tfs1_131.txt	100	100	250	750	29970	30000	8.840000
tfs1_132.txt	100	100	250	750	30000	30000	3.510000
tfs1_133.txt	100	100	250	750	29952	30000	10.000000
tfs1_134.txt	100	100	250	750	30000	30000	0.610000
tfs1_135.txt	100	100	250	750	30000	30000	1.210000
tfs1_136.txt	100	100	250	750	29988	30000	7.740000
tfs1_137.txt	100	100	250	750	29988	30000	9.440000
tfs1_138.txt	100	100	250	750	30000	30000	0.060000
tfs1_139.txt	100	100	250	750	29964	30000	7.420000
tfs1_140.txt	100	100	250	750	29973	30000	6.700000
tfs1_141.txt	100	100	250	1000	30000	30000	0.060000
tfs1_142.txt	100	100	250	1000	29982	30000	9.940000
tfs1_143.txt	100	100	250	1000	29982	30000	8.020000
tfs1_144.txt	100	100	250	1000	30000	30000	0.060000
tfs1_145.txt	100	100	250	1000	29940	30000	12.470000
tfs1_146.txt	100	100	250	1000	29994	30000	7.910000
tfs1_147.txt	100	100	250	1000	30000	30000	0.170000
tfs1_148.txt	100	100	250	1000	30000	30000	0.000000
tfs1_149.txt	100	100	250	1000	29955	30000	7.640000
tfs1_150.txt	100	100	250	1000	30000	30000	0.490000
tfs1_151.txt	100	100	500	500	29904	30000	12.580000
tfs1_152.txt	100	100	500	500	29973	30000	13.240000
tfs1_153.txt	100	100	500	500	29955	30000	16.480000
tfs1_154.txt	100	100	500	500	29982	30000	12.850000
tfs1_155.txt	100	100	500	500	30000	30000	0.060000
tfs1_156.txt	100	100	500	500	29990	30000	14.660000
tfs1_157.txt	100	100	500	500	29994	30000	15.430000
tfs1_158.txt	100	100	500	500	30000	30000	0.330000
tfs1_159.txt	100	100	500	500	29958	30000	13.400000
tfs1_160.txt	100	100	500	500	29988	30000	11.100000
tfs1_161.txt	100	100	500	1500	29994	30000	15.150000
tfs1_162.txt	100	100	500	1500	30000	30000	0.330000
tfs1_163.txt	100	100	500	1500	30000	30000	0.220000
tfs1_164.txt	100	100	500	1500	30000	30000	0.330000
tfs1_165.txt	100	100	500	1500	30000	30000	0.220000
tfs1_166.txt	100	100	500	1500	30000	30000	0.830000
tfs1_167.txt	100	100	500	1500	30000	30000	0.050000
tfs1_168.txt	100	100	500	1500	30000	30000	0.060000
tfs1_169.txt	100	100	500	1500	30000	30000	0.000000
tfs1_170.txt	100	100	500	1500	30000	30000	0.000000
tfs1_171.txt	100	100	500	2000	30000	30000	0.000000
tfs1_172.txt	100	100	500	2000	30000	30000	0.650000
tfs1_173.txt	100	100	500	2000	30000	30000	0.220000
tfs1_174.txt	100	100	500	2000	30000	30000	0.270000
tfs1_175.txt	100	100	500	2000	30000	30000	0.000000
tfs1_176.txt	100	100	500	2000	30000	30000	0.440000
tfs1_177.txt	100	100	500	2000	30000	30000	0.110000
tfs1_178.txt	100	100	500	2000	30000	30000	0.050000
tfs1_179.txt	100	100	500	2000	30000	30000	0.110000
tfs1_180.txt	100	100	500	2000	30000	30000	0.660000
tfs1_181.txt	100	100	1000	1000	29994	30000	20.490000
tfs1_182.txt	100	100	1000	1000	30000	30000	0.440000
tfs1_183.txt	100	100	1000	1000	29996	30000	22.240000
tfs1_184.txt	100	100	1000	1000	30000	30000	6.100000
tfs1_185.txt	100	100	1000	1000	30000	30000	1.040000
tfs1_186.txt	100	100	1000	1000	30000	30000	0.000000
tfs1_187.txt	100	100	1000	1000	29994	30000	21.860000
tfs1_188.txt	100	100	1000	1000	30000	30000	3.350000
tfs1_189.txt	100	100	1000	1000	30000	30000	9.780000
tfs1_190.txt	100	100	1000	1000	30000	30000	0.660000
tfs1_191.txt	100	100	1000	3000	30000	30000	0.660000
tfs1_192.txt	100	100	1000	3000	30000	30000	0.110000
tfs1_193.txt	100	100	1000	3000	30000	30000	0.110000
tfs1_194.txt	100	100	1000	3000	30000	30000	0.000000
tfs1_195.txt	100	100	1000	3000	30000	30000	0.060000
tfs1_196.txt	100	100	1000	3000	30000	30000	0.060000
tfs1_197.txt	100	100	1000	3000	30000	30000	0.330000
tfs1_198.txt	100	100	1000	3000	30000	30000	0.550000
tfs1_199.txt	100	100	1000	3000	30000	30000	0.060000
tfs1_200.txt	100	100	1000	3000	30000	30000	0.220000
tfs1_201.txt	100	100	1000	4000	30000	30000	0.110000
tfs1_202.txt	100	100	1000	4000	30000	30000	0.330000
tfs1_203.txt	100	100	1000	4000	30000	30000	0.060000
tfs1_204.txt	100	100	1000	4000	30000	30000	0.000000
tfs1_205.txt	100	100	1000	4000	30000	30000	1.260000
tfs1_206.txt	100	100	1000	4000	30000	30000	0.220000
tfs1_207.txt	100	100	1000	4000	30000	30000	0.110000
tfs1_208.txt	100	100	1000	4000	30000	30000	0.000000
tfs1_209.txt	100	100	1000	4000	30000	30000	0.000000
tfs1_210.txt	100	100	1000	4000	30000	30000	0.050000
tfs2_1.txt	100	100	40	40	27659	29973	5.380000
tfs2_2.txt	100	100	40	40	27997	29994	5.050000
tfs2_3.txt	100	100	40	40	26842	29994	9.450000
tfs2_4.txt	100	100	40	40	29319	30000	5.710000
tfs2_5.txt	100	100	40	40	26519	29997	9.170000
tfs2_6.txt	100	100	40	40	27056	30000	7.200000
tfs2_7.txt	100	100	40	40	27316	30000	7.640000
tfs2_8.txt	100	100	40	40	26837	29976	4.620000
tfs2_9.txt	100	100	40	40	28146	30000	4.890000
tfs2_10.txt	100	100	40	40	27732	30000	5.550000
tfs2_11.txt	100	100	40	120	29688	30000	5.220000
tfs2_12.txt	100	100	40	120	29316	30000	5.880000
tfs2_13.txt	100	100	40	120	28260	30000	3.840000
tfs2_14.txt	100	100	40	120	29559	30000	4.720000
tfs2_15.txt	100	100	40	120	28455	30000	3.680000
tfs2_16.txt	100	100	40	120	29886	30000	3.460000
tfs2_17.txt	100	100	40	120	29604	30000	4.660000
tfs2_18.txt	100	100	40	120	29511	30000	5.270000
tfs2_19.txt	100	100	40	120	29580	30000	3.520000
tfs2_20.txt	100	100	40	120	29022	30000	2.520000
tfs2_21.txt	100	100	40	160	28950	30000	3.790000
tfs2_22.txt	100	100	40	160	29751	30000	4.610000
tfs2_23.txt	100	100	40	160	29730	30000	2.740000
tfs2_24.txt	100	100	40	160	29712	30000	5.170000
tfs2_25.txt	100	100	40	160	29303	30000	4.660000
tfs2_26.txt	100	100	40	160	29018	30000	3.350000
tfs2_27.txt	100	100	40	160	29013	30000	4.510000
tfs2_28.txt	100	100	40	160	29592	30000	4.830000
tfs2_29.txt	100	100	40	160	29847	30000	7.520000
tfs2_30.txt	100	100	40	160	28824	29994	2.750000
tfs2_31.txt	100	100	50	50	28684	30000	10.050000
tfs2_32.txt	100	100	50	50	28984	30000	4.670000
tfs2_33.txt	100	100	50	50	29262	30000	2.140000
tfs2_34.txt	100	100	50	50	29502	30000	4.560000
tfs2_35.txt	100	100	50	50	26690	29994	4.610000
tfs2_36.txt	100	100	50	50	28261	30000	14.560000
tfs2_37.txt	100	100	50	50	28074	30000	8.510000
tfs2_38.txt	100	100	50	50	28462	29997	6.700000
tfs2_39.txt	100	100	50	50	29050	30000	7.310000
tfs2_40.txt	100	100	50	50	28164	30000	5.940000
tfs2_41.txt	100	100	50	150	29556	30000	3.400000
tfs2_42.txt	100	100	50	150	29912	30000	7.640000
tfs2_43.txt	100	100	50	150	29128	30000	3.900000
tfs2_44.txt	100	100	50	150	29140	30000	4.120000
tfs2_45.txt	100	100	50	150	29427	30000	5.820000
tfs2_46.txt	100	100	50	150	29916	30000	4.280000
tfs2_47.txt	100	100	50	150	29700	30000	4.450000
tfs2_48.txt	100	100	50	150	29748	30000	5.660000
tfs2_49.txt	100	100	50	150	29892	30000	5.650000
tfs2_50.txt	100	100	50	150	29637	30000	4.670000
tfs2_51.txt	100	100	50	200	29628	30000	4.340000
tfs2_52.txt	100	100	50	200	29652	30000	4.070000
tfs2_53.txt	100	100	50	200	29503	30000	7.470000
tfs2_54.txt	100	100	50	200	29656	30000	5.050000
tfs2_55.txt	100	100	50	200	29334	30000	5.380000
tfs2_56.txt	100	100	50	200	29940	30000	3.190000
tfs2_57.txt	100	100	50	200	29646	30000	3.680000
tfs2_58.txt	100	100	50	200	29581	30000	4.560000
tfs2_59.txt	100	100	50	200	29675	30000	6.700000
tfs2_60.txt	100	100	50	200	29678	30000	5.650000
tfs2_61.txt	100	100	100	100	29448	30000	6.430000
tfs2_62.txt	100	100	100	100	29744	30000	10.440000
tfs2_63.txt	100	100	100	100	29847	30000	6.860000
tfs2_64.txt	100	100	100	100	29644	30000	7.410000
tfs2_65.txt	100	100	100	100	29506	30000	9.500000
tfs2_66.txt	100	100	100	100	29425	30000	7.250000
tfs2_67.txt	100	100	100	100	29310	30000	6.700000
tfs2_68.txt	100	100	100	100	29440	30000	14.110000
tfs2_69.txt	100	100	100	100	29667	30000	13.510000
tfs2_70.txt	100	100	100	100	29520	30000	4.500000
tfs2_71.txt	100	100	100	300	30000	30000	0.000000
tfs2_72.txt	100	100	100	300	29964	30000	6.760000
tfs2_73.txt	100	100	100	300	29778	30000	4.340000
tfs2_74.txt	100	100	100	300	29736	30000	7.470000
tfs2_75.txt	100	100	100	300	29898	30000	5.000000
tfs2_76.txt	100	100	100	300	29841	30000	9.890000
tfs2_77.txt	100	100	100	300	29982	30000	3.900000
tfs2_78.txt	100	100	100	300	29928	30000	8.730000
tfs2_79.txt	100	100	100	300	29928	30000	6.150000
tfs2_80.txt	100	100	100	300	29697	30000	5.160000
tfs2_81.txt	100	100	100	400	29895	30000	7.800000
tfs2_82.txt	100	100	100	400	30000	30000	3.130000
tfs2_83.txt	100	100	100	400	29838	30000	6.370000
tfs2_84.txt	100	100	100	400	29844	30000	7.090000
tfs2_85.txt	100	100	100	400	29859	30000	7.470000
tfs2_86.txt	100	100	100	400	30000	30000	0.270000
tfs2_87.txt	100	100	100	400	29928	30000	7.360000
tfs2_88.txt	100	100	100	400	29928	30000	5.880000
tfs2_89.txt	100	100	100	400	29928	30000	4.180000
tfs2_90.txt	100	100	100	400	29730	30000	7.530000
tfs2_91.txt	100	100	150	150	29801	30000	11.480000
tfs2_92.txt	100	100	150	150	29687	30000	8.240000
tfs2_93.txt	100	100	150	150	29934	30000	9.940000
tfs2_94.txt	100	100	150	150	29834	30000	11.260000
tfs2_95.txt	100	100	150	150	29752	30000	9.830000
tfs2_96.txt	100	100	150	150	29758	30000	10.440000
tfs2_97.txt	100	100	150	150	29666	30000	9.720000
tfs2_98.txt	100	100	150	150	29765	30000	9.610000
tfs2_99.txt	100	100	150	150	29823	30000	8.900000
tfs2_100.txt	100	100	150	150	29768	30000	9.390000
tfs2_101.txt	100	100	150	450	29961	30000	8.350000
tfs2_102.txt	100	100	150	450	29964	30000	6.920000
tfs2_103.txt	100	100	150	450	29988	30000	5.060000
tfs2_104.txt	100	100	150	450	29985	30000	6.260000
tfs2_105.txt	100	100	150	450	29892	30000	8.790000
tfs2_106.txt	100	100	150	450	29958	30000	7.190000
tfs2_107.txt	100	100	150	450	30000	30000	0.000000
tfs2_108.txt	100	100	150	450	29901	30000	8.010000
tfs2_109.txt	100	100	150	450	29964	30000	8.180000
tfs2_110.txt	100	100	150	450	29944	30000	10.270000
tfs2_111.txt	100	100	150	600	29883	30000	6.970000
tfs2_112.txt	100	100	150	600	30000	30000	2.200000
tfs2_113.txt	100	100	150	600	30000	30000	3.740000
tfs2_114.txt	100	100	150	600	30000	30000	0.170000
tfs2_115.txt	100	100	150	600	29991	30000	7.080000
tfs2_116.txt	100	100	150	600	29970	30000	6.480000
tfs2_117.txt	100	100	150	600	30000	30000	0.380000
tfs2_118.txt	100	100	150	600	30000	30000	3.460000
tfs2_119.txt	100	100	150	600	29946	30000	7.850000
tfs2_120.txt	100	100	150	600	29988	30000	8.620000
tfs2_121.txt	100	100	250	250	29871	30000	13.790000
tfs2_122.txt	100	100	250	250	29685	30000	11.540000
tfs2_123.txt	100	100	250	250	29637	30000	10.050000
tfs2_124.txt	100	100	250	250	29967	30000	10.990000
tfs2_125.txt	100	100	250	250	29934	30000	15.770000
tfs2_126.txt	100	100	250	250	29824	30000	17.410000
tfs2_127.txt	100	100	250	250	29979	30000	13.180000
tfs2_128.txt	100	100	250	250	29890	30000	13.180000
tfs2_129.txt	100	100	250	250	29988	30000	9.120000
tfs2_130.txt	100	100	250	250	29692	30000	12.690000
tfs2_131.txt	100	100	250	750	29988	30000	9.060000
tfs2_132.txt	100	100	250	750	30000	30000	0.660000
tfs2_133.txt	100	100	250	750	29988	30000	8.900000
tfs2_134.txt	100	100	250	750	30000	30000	0.330000
tfs2_135.txt	100	100	250	750	29982	30000	8.350000
tfs2_136.txt	100	100	250	750	29994	30000	12.630000
tfs2_137.txt	100	100	250	750	30000	30000	0.000000
tfs2_138.txt	100	100	250	750	29955	30000	10.330000
tfs2_139.txt	100	100	250	750	29994	30000	10.710000
tfs2_140.txt	100	100	250	750	29972	30000	9.340000
tfs2_141.txt	100	100	250	1000	30000	30000	0.110000
tfs2_142.txt	100	100	250	1000	30000	30000	0.000000
tfs2_143.txt	100	100	250	1000	30000	30000	0.110000
tfs2_144.txt	100	100	250	1000	29981	30000	11.590000
tfs2_145.txt	100	100	250	1000	29982	30000	9.560000
tfs2_146.txt	100	100	250	1000	29961	30000	9.500000
tfs2_147.txt	100	100	250	1000	30000	30000	0.390000
tfs2_148.txt	100	100	250	1000	30000	30000	0.440000
tfs2_149.txt	100	100	250	1000	30000	30000	0.110000
tfs2_150.txt	100	100	250	1000	29988	30000	9.000000
tfs2_151.txt	100	100	500	500	29982	30000	20.880000
tfs2_152.txt	100	100	500	500	29968	30000	16.420000
tfs2_153.txt	100	100	500	500	29973	30000	15.000000
tfs2_154.txt	100	100	500	500	29991	30000	18.180000
tfs2_155.txt	100	100	500	500	29988	30000	17.190000
tfs2_156.txt	100	100	500	500	29976	30000	14.230000
tfs2_157.txt	100	100	500	500	29982	30000	18.130000
tfs2_158.txt	100	100	500	500	29988	30000	16.150000
tfs2_159.txt	100	100	500	500	30000	30000	10.760000
tfs2_160.txt	100	100	500	500	30000	30000	3.740000
tfs2_161.txt	100	100	500	1500	30000	30000	0.050000
tfs2_162.txt	100	100	500	1500	30000	30000	0.220000
tfs2_163.txt	100	100	500	1500	30000	30000	0.170000
tfs2_164.txt	100	100	500	1500	30000	30000	0.000000
tfs2_165.txt	100	100	500	1500	30000	30000	2.690000
tfs2_166.txt	100	100	500	1500	30000	30000	0.060000
tfs2_167.txt	100	100	500	1500	30000	30000	0.060000
tfs2_168.txt	100	100	500	1500	30000	30000	0.000000
tfs2_169.txt	100	100	500	1500	30000	30000	10.990000
tfs2_170.txt	100	100	500	1500	30000	30000	1.640000
tfs2_171.txt	100	100	500	2000	30000	30000	0.050000
tfs2_172.txt	100	100	500	2000	30000	30000	0.060000
tfs2_173.txt	100	100	500	2000	30000	30000	0.110000
tfs2_174.txt	100	100	500	2000	30000	30000	1.100000
tfs2_175.txt	100	100	500	2000	29994	30000	15.270000
tfs2_176.txt	100	100	500	2000	30000	30000	1.640000
tfs2_177.txt	100	100	500	2000	30000	30000	0.000000
tfs2_178.txt	100	100	500	2000	30000	30000	1.540000
tfs2_179.txt	100	100	500	2000	30000	30000	0.060000
tfs2_180.txt	100	100	500	2000	30000	30000	0.050000
tfs2_181.txt	100	100	1000	1000	30000	30000	3.190000
tfs2_182.txt	100	100	1000	1000	30000	30000	0.110000
tfs2_183.txt	100	100	1000	1000	30000	30000	0.170000
tfs2_184.txt	100	100	1000	1000	29994	30000	24.660000
tfs2_185.txt	100	100	1000	1000	30000	30000	0.000000
tfs2_186.txt	100	100	1000	1000	30000	30000	6.590000
tfs2_187.txt	100	100	1000	1000	29990	30000	23.840000
tfs2_188.txt	100	100	1000	1000	30000	30000	1.260000
tfs2_189.txt	100	100	1000	1000	30000	30000	0.660000
tfs2_190.txt	100	100	1000	1000	30000	30000	0.990000
tfs2_191.txt	100	100	1000	3000	30000	30000	0.050000
tfs2_192.txt	100	100	1000	3000	30000	30000	0.880000
tfs2_193.txt	100	100	1000	3000	30000	30000	0.000000
tfs2_194.txt	100	100	1000	3000	30000	30000	0.110000
tfs2_195.txt	100	100	1000	3000	30000	30000	0.160000
tfs2_196.txt	100	100	1000	3000	30000	30000	0.110000
tfs2_197.txt	100	100	1000	3000	30000	30000	0.770000
tfs2_198.txt	100	100	1000	3000	30000	30000	0.000000
tfs2_199.txt	100	100	1000	3000	30000	30000	0.270000
tfs2_200.txt	100	100	1000	3000	30000	30000	0.060000
tfs2_201.txt	100	100	1000	4000	30000	30000	0.280000
tfs2_202.txt	100	100	1000	4000	30000	30000	0.000000
tfs2_203.txt	100	100	1000	4000	30000	30000	0.060000
tfs2_204.txt	100	100	1000	4000	30000	30000	0.110000
tfs2_205.txt	100	100	1000	4000	30000	30000	0.160000
tfs2_206.txt	100	100	1000	4000	30000	30000	0.060000
tfs2_207.txt	100	100	1000	4000	30000	30000	0.000000
tfs2_208.txt	100	100	1000	4000	30000	30000	0.220000
tfs2_209.txt	100	100	1000	4000	30000	30000	0.000000
tfs2_210.txt	100	100	1000	4000	30000	30000	0.000000
tfs3_1.txt	100	100	40	40	28315	29991	11.750000
tfs3_2.txt	100	100	40	40	28016	29991	13.570000
tfs3_3.txt	100	100	40	40	28877	30000	5.330000
tfs3_4.txt	100	100	40	40	26164	28170	11.100000
tfs3_5.txt	100	100	40	40	27754	30000	6.640000
tfs3_6.txt	100	100	40	40	28821	30000	9.500000
tfs3_7.txt	100	100	40	40	28543	30000	5.550000
tfs3_8.txt	100	100	40	40	28329	30000	7.750000
tfs3_9.txt	100	100	40	40	27347	30000	4.230000
tfs3_10.txt	100	100	40	40	25959	29991	5.330000
tfs3_11.txt	100	100	40	120	29658	30000	5.220000
tfs3_12.txt	100	100	40	120	29676	30000	5.280000
tfs3_13.txt	100	100	40	120	29736	30000	3.020000
tfs3_14.txt	100	100	40	120	29385	30000	4.390000
tfs3_15.txt	100	100	40	120	29208	30000	4.120000
tfs3_16.txt	100	100	40	120	29568	30000	6.810000
tfs3_17.txt	100	100	40	120	29511	30000	3.190000
tfs3_18.txt	100	100	40	120	29436	30000	6.150000
tfs3_19.txt	100	100	40	120	29928	30000	2.630000
tfs3_20.txt	100	100	40	120	29400	30000	3.730000
tfs3_21.txt	100	100	40	160	29658	30000	3.410000
tfs3_22.txt	100	100	40	160	29244	30000	5.050000
tfs3_23.txt	100	100	40	160	29541	30000	6.430000
tfs3_24.txt	100	100	40	160	29700	30000	4.400000
tfs3_25.txt	100	100	40	160	29724	30000	4.060000
tfs3_26.txt	100	100	40	160	29313	30000	4.830000
tfs3_27.txt	100	100	40	160	29664	30000	4.340000
tfs3_28.txt	100	100	40	160	29640	30000	5.000000
tfs3_29.txt	100	100	40	160	29532	30000	10.000000
tfs3_30.txt	100	100	40	160	29822	30000	6.210000
tfs3_31.txt	100	100	50	50	28941	30000	8.790000
tfs3_32.txt	100	100	50	50	29415	30000	4.560000
tfs3_33.txt	100	100	50	50	28694	30000	12.570000
tfs3_34.txt	100	100	50	50	26968	29982	4.830000
tfs3_35.txt	100	100	50	50	28751	30000	4.450000
tfs3_36.txt	100	100	50	50	28149	29994	12.250000
tfs3_37.txt	100	100	50	50	28847	30000	11.860000
tfs3_38.txt	100	100	50	50	28048	30000	10.160000
tfs3_39.txt	100	100	50	50	28747	30000	7.530000
tfs3_40.txt	100	100	50	50	28299	30000	4.890000
tfs3_41.txt	100	100	50	150	29742	30000	6.200000
tfs3_42.txt	100	100	50	150	29667	30000	5.930000
tfs3_43.txt	100	100	50	150	29904	30000	7.850000
tfs3_44.txt	100	100	50	150	29412	30000	4.780000
tfs3_45.txt	100	100	50	150	29411	30000	5.380000
tfs3_46.txt	100	100	50	150	29847	30000	5.990000
tfs3_47.txt	100	100	50	150	29155	30000	9.880000
tfs3_48.txt	100	100	50	150	29516	30000	7.080000
tfs3_49.txt	100	100	50	150	29250	30000	2.250000
tfs3_50.txt	100	100	50	150	29592	30000	7.690000
tfs3_51.txt	100	100	50	200	29604	30000	3.680000
tfs3_52.txt	100	100	50	200	29379	30000	4.840000
tfs3_53.txt	100	100	50	200	29736	30000	6.150000
tfs3_54.txt	100	100	50	200	29426	30000	6.810000
tfs3_55.txt	100	100	50	200	29544	30000	8.790000
tfs3_56.txt	100	100	50	200	29862	30000	6.310000
tfs3_57.txt	100	100	50	200	29535	30000	5.270000
tfs3_58.txt	100	100	50	200	29544	30000	5.600000
tfs3_59.txt	100	100	50	200	29839	30000	6.430000
tfs3_60.txt	100	100	50	200	30000	30000	1.540000
tfs3_61.txt	100	100	100	100	29619	30000	15.770000
tfs3_62.txt	100	100	100	100	29459	30000	13.010000
tfs3_63.txt	100	100	100	100	29458	30000	17.570000
tfs3_64.txt	100	100	100	100	29532	30000	7.910000
tfs3_65.txt	100	100	100	100	29746	30000	10.430000
tfs3_66.txt	100	100	100	100	29778	30000	15.050000
tfs3_67.txt	100	100	100	100	29282	30000	6.870000
tfs3_68.txt	100	100	100	100	29340	30000	6.860000
tfs3_69.txt	100	100	100	100	29406	30000	11.480000
tfs3_70.txt	100	100	100	100	29653	30000	9.450000
tfs3_71.txt	100	100	100	300	29784	30000	10.000000
tfs3_72.txt	100	100	100	300	29868	30000	8.460000
tfs3_73.txt	100	100	100	300	29958	30000	6.700000
tfs3_74.txt	100	100	100	300	29583	30000	8.240000
tfs3_75.txt	100	100	100	300	29856	30000	7.190000
tfs3_76.txt	100	100	100	300	29964	30000	7.470000
tfs3_77.txt	100	100	100	300	29934	30000	7.530000
tfs3_78.txt	100	100	100	300	29820	30000	6.530000
tfs3_79.txt	100	100	100	300	29882	30000	9.610000
tfs3_80.txt	100	100	100	300	29888	30000	7.740000
tfs3_81.txt	100	100	100	400	30000	30000	0.110000
tfs3_82.txt	100	100	100	400	29889	30000	7.250000
tfs3_83.txt	100	100	100	400	30000	30000	0.000000
tfs3_84.txt	100	100	100	400	29784	30000	7.630000
tfs3_85.txt	100	100	100	400	29964	30000	9.120000
tfs3_86.txt	100	100	100	400	29976	30000	6.700000
tfs3_87.txt	100	100	100	400	29988	30000	7.140000
tfs3_88.txt	100	100	100	400	29952	30000	10.050000
tfs3_89.txt	100	100	100	400	30000	30000	0.770000
tfs3_90.txt	100	100	100	400	29976	30000	9.340000
tfs3_91.txt	100	100	150	150	29583	30000	15.870000
tfs3_92.txt	100	100	150	150	29814	30000	16.920000
tfs3_93.txt	100	100	150	150	29771	30000	11.970000
tfs3_94.txt	100	100	150	150	29601	30000	13.020000
tfs3_95.txt	100	100	150	150	29644	30000	11.590000
tfs3_96.txt	100	100	150	150	29503	30000	16.420000
tfs3_97.txt	100	100	150	150	29655	30000	9.780000
tfs3_98.txt	100	100	150	150	29387	30000	5.820000
tfs3_99.txt	100	100	150	150	29688	30000	9.450000
tfs3_100.txt	100	100	150	150	29604	30000	10.820000
tfs3_101.txt	100	100	150	450	29916	30000	9.560000
tfs3_102.txt	100	100	150	450	30000	30000	0.110000
tfs3_103.txt	100	100	150	450	29862	30000	7.570000
tfs3_104.txt	100	100	150	450	29991	30000	8.840000
tfs3_105.txt	100	100	150	450	29970	30000	9.780000
tfs3_106.txt	100	100	150	450	29958	30000	10.540000
tfs3_107.txt	100	100	150	450	29952	30000	10.050000
tfs3_108.txt	100	100	150	450	30000	30000	0.060000
tfs3_109.txt	100	100	150	450	29871	30000	10.490000
tfs3_110.txt	100	100	150	450	30000	30000	0.000000
tfs3_111.txt	100	100	150	600	29964	30000	7.090000
tfs3_112.txt	100	100	150	600	29952	30000	8.400000
tfs3_113.txt	100	100	150	600	29946	30000	6.650000
tfs3_114.txt	100	100	150	600	29883	30000	10.660000
tfs3_115.txt	100	100	150	600	30000	30000	1.260000
tfs3_116.txt	100	100	150	600	30000	30000	0.660000
tfs3_117.txt	100	100	150	600	29994	30000	7.690000
tfs3_118.txt	100	100	150	600	30000	30000	1.150000
tfs3_119.txt	100	100	150	600	29982	30000	10.650000
tfs3_120.txt	100	100	150	600	29976	30000	7.860000
tfs3_121.txt	100	100	250	250	29860	30000	16.530000
tfs3_122.txt	100	100	250	250	29835	30000	15.270000
tfs3_123.txt	100	100	250	250	29925	30000	12.140000
tfs3_124.txt	100	100	250	250	29757	30000	14.170000
tfs3_125.txt	100	100	250	250	29789	30000	14.890000
tfs3_126.txt	100	100	250	250	29994	30000	15.100000
tfs3_127.txt	100	100	250	250	29904	30000	10.660000
tfs3_128.txt	100	100	250	250	29652	30000	10.880000
tfs3_129.txt	100	100	250	250	29811	30000	15.930000
tfs3_130.txt	100	100	250	250	29951	30000	13.190000
tfs3_131.txt	100	100	250	750	30000	30000	4.720000
tfs3_132.txt	100	100	250	750	30000	30000	0.990000
tfs3_133.txt	100	100	250	750	30000	30000	3.020000
tfs3_134.txt	100	100	250	750	29964	30000	11.650000
tfs3_135.txt	100	100	250	750	30000	30000	0.440000
tfs3_136.txt	100	100	250	750	30000	30000	1.590000
tfs3_137.txt	100	100	250	750	30000	30000	11.700000
tfs3_138.txt	100	100	250	750	30000	30000	4.170000
tfs3_139.txt	100	100	250	750	30000	30000	6.430000
tfs3_140.txt	100	100	250	750	30000	30000	0.490000
tfs3_141.txt	100	100	250	1000	30000	30000	0.060000
tfs3_142.txt	100	100	250	1000	30000	30000	0.220000
tfs3_143.txt	100	100	250	1000	29991	30000	11.260000
tfs3_144.txt	100	100	250	1000	30000	30000	0.000000
tfs3_145.txt	100	100	250	1000	30000	30000	4.720000
tfs3_146.txt	100	100	250	1000	30000	30000	6.370000
tfs3_147.txt	100	100	250	1000	30000	30000	0.000000
tfs3_148.txt	100	100	250	1000	30000	30000	0.000000
tfs3_149.txt	100	100	250	1000	30000	30000	0.050000
tfs3_150.txt	100	100	250	1000	30000	30000	0.170000
tfs3_151.txt	100	100	500	500	29996	30000	19.880000
tfs3_152.txt	100	100	500	500	29988	30000	18.450000
tfs3_153.txt	100	100	500	500	29976	30000	20.100000
tfs3_154.txt	100	100	500	500	29985	30000	22.630000
tfs3_155.txt	100	100	500	500	29973	30000	22.080000
tfs3_156.txt	100	100	500	500	30000	30000	0.000000
tfs3_157.txt	100	100	500	500	29952	30000	16.700000
tfs3_158.txt	100	100	500	500	29964	30000	16.310000
tfs3_159.txt	100	100	500	500	29991	30000	18.400000
tfs3_160.txt	100	100	500	500	29955	30000	18.730000
tfs3_161.txt	100	100	500	1500	30000	30000	1.380000
tfs3_162.txt	100	100	500	1500	30000	30000	6.640000
tfs3_163.txt	100	100	500	1500	30000	30000	0.160000
tfs3_164.txt	100	100	500	1500	30000	30000	0.050000
tfs3_165.txt	100	100	500	1500	30000	30000	0.110000
tfs3_166.txt	100	100	500	1500	30000	30000	0.000000
tfs3_167.txt	100	100	500	1500	30000	30000	3.350000
tfs3_168.txt	100	100	500	1500	30000	30000	0.440000
tfs3_169.txt	100	100	500	1500	30000	30000	1.810000
tfs3_170.txt	100	100	500	1500	30000	30000	0.110000
tfs3_171.txt	100	100	500	2000	30000	30000	0.110000
tfs3_172.txt	100	100	500	2000	30000	30000	0.000000
tfs3_173.txt	100	100	500	2000	30000	30000	3.080000
tfs3_174.txt	100	100	500	2000	30000	30000	0.110000
tfs3_175.txt	100	100	500	2000	30000	30000	4.400000
tfs3_176.txt	100	100	500	2000	30000	30000	0.110000
tfs3_177.txt	100	100	500	2000	30000	30000	0.000000
tfs3_178.txt	100	100	500	2000	30000	30000	0.110000
tfs3_179.txt	100	100	500	2000	30000	30000	0.440000
tfs3_180.txt	100	100	500	2000	30000	30000	1.150000
tfs3_181.txt	100	100	1000	1000	29994	30000	28.950000
tfs3_182.txt	100	100	1000	1000	30000	30000	2.250000
tfs3_183.txt	100	100	1000	1000	30000	30000	10.430000
tfs3_184.txt	100	100	1000	1000	30000	30000	0.330000
tfs3_185.txt	100	100	1000	1000	30000	30000	0.870000
tfs3_186.txt	100	100	1000	1000	30000	30000	10.050000
tfs3_187.txt	100	100	1000	1000	30000	30000	4.890000
tfs3_188.txt	100	100	1000	1000	30000	30000	0.110000
tfs3_189.txt	100	100	1000	1000	30000	30000	0.110000
tfs3_190.txt	100	100	1000	1000	30000	30000	4.120000
tfs3_191.txt	100	100	1000	3000	30000	30000	0.270000
tfs3_192.txt	100	100	1000	3000	30000	30000	1.980000
tfs3_193.txt	100	100	1000	3000	30000	30000	0.110000
tfs3_194.txt	100	100	1000	3000	30000	30000	0.880000
tfs3_195.txt	100	100	1000	3000	30000	30000	0.000000
tfs3_196.txt	100	100	1000	3000	30000	30000	0.280000
tfs3_197.txt	100	100	1000	3000	30000	30000	0.550000
tfs3_198.txt	100	100	1000	3000	30000	30000	0.170000
tfs3_199.txt	100	100	1000	3000	30000	30000	0.550000
tfs3_200.txt	100	100	1000	3000	30000	30000	0.060000
tfs3_201.txt	100	100	1000	4000	30000	30000	0.770000
tfs3_202.txt	100	100	1000	4000	30000	30000	0.050000
tfs3_203.txt	100	100	1000	4000	30000	30000	0.820000
tfs3_204.txt	100	100	1000	4000	30000	30000	0.050000
tfs3_205.txt	100	100	1000	4000	30000	30000	0.050000
tfs3_206.txt	100	100	1000	4000	30000	30000	0.380000
tfs3_207.txt	100	100	1000	4000	30000	30000	0.110000
tfs3_208.txt	100	100	1000	4000	30000	30000	0.220000
tfs3_209.txt	100	100	1000	4000	30000	30000	0.170000
tfs3_210.txt	100	100	1000	4000	30000	30000	0.050000
Leung1.txt	400	200	9	10	80000	80000	0.050000
Leung2.txt	400	200	7	15	79000	79000	0.060000
Leung3.txt	400	400	5	20	154600	160000	4.010000
Leung4.txt	70	80	14	20	5447	5600	10.550000
Leung5.txt	70	80	16	25	5455	5600	15.270000
Leung6.txt	120	45	22	25	5328	5400	12.190000
Leung7.txt	90	45	16	30	3978	4050	9.890000
Leung8.txt	65	45	18	30	2871	2925	14.610000
Leung9.txt	150	110	40	40	15856	16500	88.810000
Leung10.txt	160	120	50	50	18628	19200	126.160000
