Ap1.txt	10	10	5	10	164	164	4	5	0.060000
Ap2.txt	10	10	7	17	230	230	3	5	0.000000
Ap3.txt	10	10	10	21	247	247	4	7	0.000000
Ap4.txt	15	10	5	7	268	268	5	6	0.000000
Ap5.txt	15	10	7	14	358	358	5	6	0.000000
Ap6.txt	15	10	10	15	289	289	7	7	0.000000
Ap7.txt	20	20	5	8	430	430	6	8	0.000000
Ap8.txt	20	20	7	13	834	834	7	8	0.110000
Ap9.txt	20	20	10	18	924	924	7	11	0.000000
Ap10.txt	30	30	5	13	1452	1452	2	6	0.000000
Ap11.txt	30	30	7	15	1688	1688	5	9	0.000000
Ap12.txt	30	30	10	22	1851	1865	6	9	0.220000
Ap13.txt	30	30	7	7	1178	1178	5	5	0.000000
Ap14.txt	30	30	15	15	1270	1270	5	5	0.000000
Ap15.txt	70	40	19	42	2716	2726	8	9	0.170000
Ap16.txt	40	70	20	62	1840	1860	7	9	0.380000
Ap17.txt	100	100	15	50	27320	27718	8	14	1.100000
Ap18.txt	100	100	30	30	21976	22502	9	9	1.370000
Ap19.txt	100	100	30	30	23743	24019	9	9	1.970000
Ap20.txt	100	100	33	61	32893	32893	6	10	0.380000
Ap21.txt	100	100	29	97	27923	27923	3	8	0.050000
Ap1.txt	10	10	5	10	164	164	4	5	0.000000
Ap2.txt	10	10	7	17	230	230	3	5	0.000000
Ap3.txt	10	10	10	21	247	247	5	7	0.000000
Ap4.txt	15	10	5	7	268	268	5	6	0.000000
Ap5.txt	15	10	7	14	358	358	5	6	0.000000
Ap6.txt	15	10	10	15	289	289	7	7	0.000000
Ap7.txt	20	20	5	8	430	430	5	8	0.000000
Ap8.txt	20	20	7	13	834	834	7	8	0.110000
Ap9.txt	20	20	10	18	924	924	7	11	0.000000
Ap10.txt	30	30	5	13	1452	1452	2	6	0.000000
Ap11.txt	30	30	7	15	1688	1688	5	9	0.000000
Ap12.txt	30	30	10	22	1865	1865	8	9	0.220000
Ap13.txt	30	30	7	7	1178	1178	5	5	0.000000
Ap14.txt	30	30	15	15	1270	1270	5	5	0.000000
Ap15.txt	70	40	19	42	2726	2726	6	8	0.050000
Ap16.txt	40	70	20	62	1840	1860	7	9	0.330000
Ap17.txt	100	100	15	50	27589	27718	6	10	1.210000
Ap18.txt	100	100	30	30	21976	22502	9	9	1.260000
Ap19.txt	100	100	30	30	23743	24019	9	9	1.320000
Ap20.txt	100	100	33	61	32893	32893	6	10	0.330000
Ap21.txt	100	100	29	97	27923	27923	2	8	0.000000
tfs1_1.txt	100	100	40	40	27852	29955	4	5	1.040000
tfs1_2.txt	100	100	40	40	28277	30000	8	10	1.930000
tfs1_3.txt	100	100	40	40	27849	30000	3	3	1.810000
tfs1_4.txt	100	100	40	40	28494	30000	9	9	1.490000
tfs1_5.txt	100	100	40	40	28677	30000	4	4	2.090000
tfs1_6.txt	100	100	40	40	27686	30000	6	5	2.140000
tfs1_7.txt	100	100	40	40	28270	29994	8	7	4.110000
tfs1_8.txt	100	100	40	40	27780	30000	9	8	3.790000
tfs1_9.txt	100	100	40	40	28036	30000	9	9	3.510000
tfs1_10.txt	100	100	40	40	28936	29982	8	13	2.640000
tfs1_11.txt	100	100	40	120	28612	30000	10	18	8.570000
tfs1_12.txt	100	100	40	120	29436	30000	8	10	3.520000
tfs1_13.txt	100	100	40	120	29559	30000	8	12	4.120000
tfs1_14.txt	100	100	40	120	29154	30000	10	16	4.120000
tfs1_15.txt	100	100	40	120	29496	30000	8	10	5.820000
tfs1_16.txt	100	100	40	120	29388	30000	4	6	1.210000
tfs1_17.txt	100	100	40	120	27996	30000	6	10	2.150000
tfs1_18.txt	100	100	40	120	29408	30000	6	12	4.890000
tfs1_19.txt	100	100	40	120	29712	30000	8	8	8.570000
tfs1_20.txt	100	100	40	120	29112	30000	5	7	2.530000
tfs1_21.txt	100	100	40	160	29700	30000	1	4	1.100000
tfs1_22.txt	100	100	40	160	29586	30000	5	10	4.290000
tfs1_23.txt	100	100	40	160	29532	30000	6	9	2.970000
tfs1_24.txt	100	100	40	160	29240	30000	4	7	1.210000
tfs1_25.txt	100	100	40	160	29622	30000	6	8	3.020000
tfs1_26.txt	100	100	40	160	28940	30000	10	15	3.680000
tfs1_27.txt	100	100	40	160	29676	30000	3	6	3.410000
tfs1_28.txt	100	100	40	160	29517	30000	6	11	10.060000
tfs1_29.txt	100	100	40	160	29028	30000	4	8	2.800000
tfs1_30.txt	100	100	40	160	29296	30000	8	14	1.700000
tfs1_31.txt	100	100	50	50	29245	30000	7	8	2.630000
tfs1_32.txt	100	100	50	50	28400	29994	4	3	1.090000
tfs1_33.txt	100	100	50	50	28824	30000	9	7	2.960000
tfs1_34.txt	100	100	50	50	27693	30000	10	12	5.660000
tfs1_35.txt	100	100	50	50	28416	30000	7	7	2.640000
tfs1_36.txt	100	100	50	50	28580	30000	7	7	4.840000
tfs1_37.txt	100	100	50	50	29648	30000	5	4	1.760000
tfs1_38.txt	100	100	50	50	28310	30000	8	8	2.530000
tfs1_39.txt	100	100	50	50	29514	30000	10	14	5.430000
tfs1_40.txt	100	100	50	50	28257	30000	7	7	3.520000
tfs1_41.txt	100	100	50	150	29550	30000	5	7	4.060000
tfs1_42.txt	100	100	50	150	29800	30000	4	5	3.680000
tfs1_43.txt	100	100	50	150	29556	30000	3	5	3.680000
tfs1_44.txt	100	100	50	150	29397	30000	6	10	6.700000
tfs1_45.txt	100	100	50	150	29541	30000	6	7	3.130000
tfs1_46.txt	100	100	50	150	29371	30000	8	12	5.330000
tfs1_47.txt	100	100	50	150	29434	30000	5	9	4.830000
tfs1_48.txt	100	100	50	150	29370	30000	2	3	2.630000
tfs1_49.txt	100	100	50	150	29562	30000	5	7	3.950000
tfs1_50.txt	100	100	50	150	29298	30000	6	11	1.870000
tfs1_51.txt	100	100	50	200	29874	30000	3	5	3.630000
tfs1_52.txt	100	100	50	200	29736	30000	3	7	4.280000
tfs1_53.txt	100	100	50	200	29919	30000	7	12	5.820000
tfs1_54.txt	100	100	50	200	29928	30000	6	7	4.070000
tfs1_55.txt	100	100	50	200	29661	30000	8	15	6.480000
tfs1_56.txt	100	100	50	200	29881	30000	5	8	7.030000
tfs1_57.txt	100	100	50	200	29036	30000	5	9	8.840000
tfs1_58.txt	100	100	50	200	29799	30000	5	10	4.990000
tfs1_59.txt	100	100	50	200	29340	30000	5	8	6.480000
tfs1_60.txt	100	100	50	200	29324	30000	7	9	9.510000
tfs1_61.txt	100	100	100	100	29865	30000	5	5	10.820000
tfs1_62.txt	100	100	100	100	29208	30000	7	5	6.700000
tfs1_63.txt	100	100	100	100	29699	30000	5	5	4.560000
tfs1_64.txt	100	100	100	100	29631	30000	8	6	7.470000
tfs1_65.txt	100	100	100	100	29187	30000	7	6	1.700000
tfs1_66.txt	100	100	100	100	29558	30000	7	6	5.270000
tfs1_67.txt	100	100	100	100	29421	30000	9	9	6.860000
tfs1_68.txt	100	100	100	100	29685	30000	2	2	5.170000
tfs1_69.txt	100	100	100	100	29523	30000	4	4	5.440000
tfs1_70.txt	100	100	100	100	29565	30000	4	4	1.480000
tfs1_71.txt	100	100	100	300	29790	30000	5	12	8.290000
tfs1_72.txt	100	100	100	300	29709	30000	4	6	12.520000
tfs1_73.txt	100	100	100	300	29778	30000	3	4	10.710000
tfs1_74.txt	100	100	100	300	29890	30000	6	10	12.190000
tfs1_75.txt	100	100	100	300	29784	30000	6	8	6.160000
tfs1_76.txt	100	100	100	300	29982	30000	4	10	16.970000
tfs1_77.txt	100	100	100	300	29721	30000	3	7	19.010000
tfs1_78.txt	100	100	100	300	29871	30000	5	7	15.490000
tfs1_79.txt	100	100	100	300	29904	30000	4	6	5.490000
tfs1_80.txt	100	100	100	300	29781	30000	4	9	8.120000
tfs1_81.txt	100	100	100	400	29985	30000	3	5	2.520000
tfs1_82.txt	100	100	100	400	29751	30000	8	16	13.180000
tfs1_83.txt	100	100	100	400	29970	30000	4	7	6.150000
tfs1_84.txt	100	100	100	400	29877	30000	7	14	6.270000
tfs1_85.txt	100	100	100	400	29772	30000	5	9	9.390000
tfs1_86.txt	100	100	100	400	30000	30000	2	6	1.420000
tfs1_87.txt	100	100	100	400	29766	30000	8	13	7.360000
tfs1_88.txt	100	100	100	400	30000	30000	6	14	0.600000
tfs1_89.txt	100	100	100	400	29840	30000	7	14	4.940000
tfs1_90.txt	100	100	100	400	29853	30000	8	12	8.620000
tfs1_91.txt	100	100	150	150	29964	30000	3	3	4.780000
tfs1_92.txt	100	100	150	150	29688	30000	5	5	10.270000
tfs1_93.txt	100	100	150	150	29742	30000	7	8	11.650000
tfs1_94.txt	100	100	150	150	29838	30000	8	8	6.590000
tfs1_95.txt	100	100	150	150	29719	30000	12	18	20.700000
tfs1_96.txt	100	100	150	150	29593	30000	8	7	11.480000
tfs1_97.txt	100	100	150	150	29631	30000	7	7	11.480000
tfs1_98.txt	100	100	150	150	29826	30000	5	5	6.260000
tfs1_99.txt	100	100	150	150	29862	30000	5	5	7.470000
tfs1_100.txt	100	100	150	150	29604	30000	7	6	7.800000
tfs1_101.txt	100	100	150	450	30000	30000	2	2	1.050000
tfs1_102.txt	100	100	150	450	29988	30000	5	10	11.860000
tfs1_103.txt	100	100	150	450	29946	30000	6	12	18.950000
tfs1_104.txt	100	100	150	450	29952	30000	5	7	8.900000
tfs1_105.txt	100	100	150	450	29982	30000	7	11	13.840000
tfs1_106.txt	100	100	150	450	29922	30000	5	8	18.680000
tfs1_107.txt	100	100	150	450	29958	30000	5	11	7.860000
tfs1_108.txt	100	100	150	450	29946	30000	5	7	16.700000
tfs1_109.txt	100	100	150	450	30000	30000	5	9	3.790000
tfs1_110.txt	100	100	150	450	29858	30000	5	9	11.640000
tfs1_111.txt	100	100	150	600	29958	30000	2	4	11.580000
tfs1_112.txt	100	100	150	600	29940	30000	5	13	5.820000
tfs1_113.txt	100	100	150	600	29958	30000	7	9	15.160000
tfs1_114.txt	100	100	150	600	29958	30000	7	12	6.920000
tfs1_115.txt	100	100	150	600	29940	30000	4	11	19.160000
tfs1_116.txt	100	100	150	600	29976	30000	5	15	13.510000
tfs1_117.txt	100	100	150	600	29920	30000	9	15	10.940000
tfs1_118.txt	100	100	150	600	29916	30000	7	9	12.580000
tfs1_119.txt	100	100	150	600	30000	30000	6	11	3.080000
tfs1_120.txt	100	100	150	600	29868	30000	5	8	12.190000
tfs1_121.txt	100	100	250	250	29850	30000	8	8	25.480000
tfs1_122.txt	100	100	250	250	29838	30000	4	4	14.170000
tfs1_123.txt	100	100	250	250	29860	30000	7	6	19.230000
tfs1_124.txt	100	100	250	250	29647	30000	6	6	14.880000
tfs1_125.txt	100	100	250	250	29829	30000	5	5	7.800000
tfs1_126.txt	100	100	250	250	29808	30000	9	9	20.820000
tfs1_127.txt	100	100	250	250	29733	30000	4	7	9.390000
tfs1_128.txt	100	100	250	250	29829	30000	8	9	18.620000
tfs1_129.txt	100	100	250	250	29790	30000	5	5	16.030000
tfs1_130.txt	100	100	250	250	29944	30000	6	4	13.240000
tfs1_131.txt	100	100	250	750	29940	30000	4	9	19.060000
tfs1_132.txt	100	100	250	750	30000	30000	4	8	14.560000
tfs1_133.txt	100	100	250	750	29880	30000	6	10	22.080000
tfs1_134.txt	100	100	250	750	30000	30000	2	3	3.300000
tfs1_135.txt	100	100	250	750	29952	30000	4	6	10.870000
tfs1_136.txt	100	100	250	750	29928	30000	6	12	18.180000
tfs1_137.txt	100	100	250	750	29964	30000	5	9	22.360000
tfs1_138.txt	100	100	250	750	30000	30000	1	1	0.330000
tfs1_139.txt	100	100	250	750	29960	30000	5	9	16.590000
tfs1_140.txt	100	100	250	750	29970	30000	8	15	11.590000
tfs1_141.txt	100	100	250	1000	30000	30000	3	5	0.380000
tfs1_142.txt	100	100	250	1000	29982	30000	4	9	17.080000
tfs1_143.txt	100	100	250	1000	29982	30000	5	9	12.860000
tfs1_144.txt	100	100	250	1000	30000	30000	3	7	7.910000
tfs1_145.txt	100	100	250	1000	29940	30000	5	8	17.740000
tfs1_146.txt	100	100	250	1000	29976	30000	6	13	9.450000
tfs1_147.txt	100	100	250	1000	30000	30000	3	5	2.360000
tfs1_148.txt	100	100	250	1000	30000	30000	4	12	3.080000
tfs1_149.txt	100	100	250	1000	30000	30000	4	8	9.060000
tfs1_150.txt	100	100	250	1000	30000	30000	3	4	5.610000
tfs1_151.txt	100	100	500	500	29853	30000	5	4	25.600000
tfs1_152.txt	100	100	500	500	29973	30000	4	4	14.990000
tfs1_153.txt	100	100	500	500	29920	30000	5	3	15.930000
tfs1_154.txt	100	100	500	500	29973	30000	6	5	13.070000
tfs1_155.txt	100	100	500	500	30000	30000	3	3	0.380000
tfs1_156.txt	100	100	500	500	29946	30000	5	5	20.440000
tfs1_157.txt	100	100	500	500	29994	30000	6	6	22.960000
tfs1_158.txt	100	100	500	500	30000	30000	2	2	6.920000
tfs1_159.txt	100	100	500	500	29949	30000	6	6	16.260000
tfs1_160.txt	100	100	500	500	29988	30000	6	6	16.590000
tfs1_161.txt	100	100	500	1500	30000	30000	5	9	3.300000
tfs1_162.txt	100	100	500	1500	30000	30000	3	5	4.230000
tfs1_163.txt	100	100	500	1500	30000	30000	4	8	0.660000
tfs1_164.txt	100	100	500	1500	30000	30000	4	6	19.720000
tfs1_165.txt	100	100	500	1500	30000	30000	3	5	16.420000
tfs1_166.txt	100	100	500	1500	30000	30000	4	5	0.880000
tfs1_167.txt	100	100	500	1500	30000	30000	2	3	20.980000
tfs1_168.txt	100	100	500	1500	30000	30000	3	6	0.940000
tfs1_169.txt	100	100	500	1500	30000	30000	1	2	0.600000
tfs1_170.txt	100	100	500	1500	30000	30000	1	2	0.330000
tfs1_171.txt	100	100	500	2000	30000	30000	4	12	5.770000
tfs1_172.txt	100	100	500	2000	30000	30000	3	4	2.140000
tfs1_173.txt	100	100	500	2000	30000	30000	4	8	1.320000
tfs1_174.txt	100	100	500	2000	30000	30000	3	9	1.640000
tfs1_175.txt	100	100	500	2000	30000	30000	2	6	8.460000
tfs1_176.txt	100	100	500	2000	30000	30000	3	8	24.720000
tfs1_177.txt	100	100	500	2000	30000	30000	3	7	3.850000
tfs1_178.txt	100	100	500	2000	30000	30000	3	6	1.210000
tfs1_179.txt	100	100	500	2000	30000	30000	1	4	0.430000
tfs1_180.txt	100	100	500	2000	30000	30000	4	12	0.880000
tfs1_181.txt	100	100	1000	1000	29994	30000	5	5	30.380000
tfs1_182.txt	100	100	1000	1000	30000	30000	4	4	2.470000
tfs1_183.txt	100	100	1000	1000	29988	30000	8	6	31.640000
tfs1_184.txt	100	100	1000	1000	30000	30000	6	6	19.390000
tfs1_185.txt	100	100	1000	1000	30000	30000	6	6	7.090000
tfs1_186.txt	100	100	1000	1000	30000	30000	1	1	0.390000
tfs1_187.txt	100	100	1000	1000	30000	30000	7	7	9.120000
tfs1_188.txt	100	100	1000	1000	30000	30000	4	4	3.350000
tfs1_189.txt	100	100	1000	1000	30000	30000	5	5	20.600000
tfs1_190.txt	100	100	1000	1000	30000	30000	4	4	1.980000
tfs1_191.txt	100	100	1000	3000	30000	30000	6	8	3.240000
tfs1_192.txt	100	100	1000	3000	30000	30000	6	10	1.820000
tfs1_193.txt	100	100	1000	3000	30000	30000	4	6	4.610000
tfs1_194.txt	100	100	1000	3000	30000	30000	3	7	0.770000
tfs1_195.txt	100	100	1000	3000	30000	30000	1	2	1.370000
tfs1_196.txt	100	100	1000	3000	30000	30000	4	4	2.630000
tfs1_197.txt	100	100	1000	3000	30000	30000	2	3	0.330000
tfs1_198.txt	100	100	1000	3000	30000	30000	4	6	5.610000
tfs1_199.txt	100	100	1000	3000	30000	30000	5	10	3.240000
tfs1_200.txt	100	100	1000	3000	30000	30000	9	16	1.540000
tfs1_201.txt	100	100	1000	4000	30000	30000	5	8	3.950000
tfs1_202.txt	100	100	1000	4000	30000	30000	8	16	1.810000
tfs1_203.txt	100	100	1000	4000	30000	30000	4	10	0.160000
tfs1_204.txt	100	100	1000	4000	30000	30000	4	7	1.490000
tfs1_205.txt	100	100	1000	4000	30000	30000	4	7	0.600000
tfs1_206.txt	100	100	1000	4000	30000	30000	4	7	9.990000
tfs1_207.txt	100	100	1000	4000	30000	30000	7	16	1.860000
tfs1_208.txt	100	100	1000	4000	30000	30000	3	12	0.490000
tfs1_209.txt	100	100	1000	4000	30000	30000	4	4	1.320000
tfs1_210.txt	100	100	1000	4000	30000	30000	5	16	0.330000
tfs2_1.txt	100	100	40	40	27525	29973	10	13	1.420000
tfs2_2.txt	100	100	40	40	27997	29994	6	22	2.960000
tfs2_3.txt	100	100	40	40	27119	29994	14	14	8.460000
tfs2_4.txt	100	100	40	40	29319	30000	8	7	4.670000
tfs2_5.txt	100	100	40	40	26249	29997	13	13	4.180000
tfs2_6.txt	100	100	40	40	27056	30000	7	7	6.260000
tfs2_7.txt	100	100	40	40	27316	30000	13	12	1.040000
tfs2_8.txt	100	100	40	40	26837	29976	9	16	3.020000
tfs2_9.txt	100	100	40	40	28146	30000	11	11	5.050000
tfs2_10.txt	100	100	40	40	27716	30000	9	9	4.010000
tfs2_11.txt	100	100	40	120	29688	30000	8	10	5.270000
tfs2_12.txt	100	100	40	120	29316	30000	9	16	8.180000
tfs2_13.txt	100	100	40	120	28260	30000	7	10	2.910000
tfs2_14.txt	100	100	40	120	29559	30000	6	9	6.150000
tfs2_15.txt	100	100	40	120	28967	30000	8	12	3.900000
tfs2_16.txt	100	100	40	120	29886	30000	5	10	6.370000
tfs2_17.txt	100	100	40	120	29568	30000	7	14	8.630000
tfs2_18.txt	100	100	40	120	29538	30000	10	12	7.740000
tfs2_19.txt	100	100	40	120	29580	30000	5	7	3.400000
tfs2_20.txt	100	100	40	120	29022	30000	5	6	1.700000
tfs2_21.txt	100	100	40	160	29028	30000	5	10	4.990000
tfs2_22.txt	100	100	40	160	29751	30000	7	11	9.670000
tfs2_23.txt	100	100	40	160	29730	30000	3	8	3.570000
tfs2_24.txt	100	100	40	160	29674	30000	8	16	8.180000
tfs2_25.txt	100	100	40	160	29210	30000	10	14	4.120000
tfs2_26.txt	100	100	40	160	28886	30000	7	13	2.420000
tfs2_27.txt	100	100	40	160	29013	30000	7	12	4.010000
tfs2_28.txt	100	100	40	160	29592	30000	5	8	5.110000
tfs2_29.txt	100	100	40	160	29589	30000	10	20	23.560000
tfs2_30.txt	100	100	40	160	28824	29994	4	5	2.250000
tfs2_31.txt	100	100	50	50	28684	30000	12	12	9.170000
tfs2_32.txt	100	100	50	50	28984	30000	10	10	2.260000
tfs2_33.txt	100	100	50	50	29262	30000	5	6	1.370000
tfs2_34.txt	100	100	50	50	29502	30000	5	5	4.010000
tfs2_35.txt	100	100	50	50	26690	29994	7	5	2.140000
tfs2_36.txt	100	100	50	50	28253	30000	13	28	10.170000
tfs2_37.txt	100	100	50	50	27780	30000	10	10	7.470000
tfs2_38.txt	100	100	50	50	28422	29997	9	13	4.830000
tfs2_39.txt	100	100	50	50	29050	30000	10	12	4.670000
tfs2_40.txt	100	100	50	50	28164	30000	8	8	3.900000
tfs2_41.txt	100	100	50	150	29550	30000	3	4	2.580000
tfs2_42.txt	100	100	50	150	29912	30000	7	12	8.020000
tfs2_43.txt	100	100	50	150	29128	30000	7	11	6.320000
tfs2_44.txt	100	100	50	150	29028	30000	7	10	4.450000
tfs2_45.txt	100	100	50	150	28984	30000	8	13	13.290000
tfs2_46.txt	100	100	50	150	29916	30000	4	5	2.470000
tfs2_47.txt	100	100	50	150	29700	30000	1	2	2.420000
tfs2_48.txt	100	100	50	150	29715	30000	6	12	9.500000
tfs2_49.txt	100	100	50	150	29811	30000	8	14	9.830000
tfs2_50.txt	100	100	50	150	29637	30000	6	11	4.720000
tfs2_51.txt	100	100	50	200	29628	30000	8	15	3.350000
tfs2_52.txt	100	100	50	200	29514	30000	5	9	6.420000
tfs2_53.txt	100	100	50	200	29400	30000	11	17	21.800000
tfs2_54.txt	100	100	50	200	29581	30000	6	9	7.360000
tfs2_55.txt	100	100	50	200	28950	30000	8	10	6.920000
tfs2_56.txt	100	100	50	200	29940	30000	4	9	3.740000
tfs2_57.txt	100	100	50	200	29646	30000	6	7	4.780000
tfs2_58.txt	100	100	50	200	29581	30000	6	13	5.930000
tfs2_59.txt	100	100	50	200	29585	30000	7	4	10.270000
tfs2_60.txt	100	100	50	200	29496	30000	7	15	7.690000
tfs2_61.txt	100	100	100	100	29448	30000	11	11	9.340000
tfs2_62.txt	100	100	100	100	29728	30000	9	8	12.690000
tfs2_63.txt	100	100	100	100	29847	30000	6	5	4.230000
tfs2_64.txt	100	100	100	100	29644	30000	5	5	7.420000
tfs2_65.txt	100	100	100	100	29506	30000	10	8	7.580000
tfs2_66.txt	100	100	100	100	29175	30000	7	7	6.200000
tfs2_67.txt	100	100	100	100	29310	30000	7	10	6.150000
tfs2_68.txt	100	100	100	100	29233	30000	14	13	15.930000
tfs2_69.txt	100	100	100	100	29667	30000	11	11	8.130000
tfs2_70.txt	100	100	100	100	29520	30000	6	6	2.420000
tfs2_71.txt	100	100	100	300	30000	30000	2	4	1.090000
tfs2_72.txt	100	100	100	300	29931	30000	8	9	16.260000
tfs2_73.txt	100	100	100	300	29646	30000	2	4	3.400000
tfs2_74.txt	100	100	100	300	29716	30000	11	18	15.320000
tfs2_75.txt	100	100	100	300	29898	30000	7	8	10.160000
tfs2_76.txt	100	100	100	300	29746	30000	8	12	28.510000
tfs2_77.txt	100	100	100	300	29982	30000	4	9	4.730000
tfs2_78.txt	100	100	100	300	29931	30000	7	14	20.100000
tfs2_79.txt	100	100	100	300	29928	30000	4	8	8.680000
tfs2_80.txt	100	100	100	300	29652	30000	5	9	7.140000
tfs2_81.txt	100	100	100	400	29895	30000	4	8	15.760000
tfs2_82.txt	100	100	100	400	29982	30000	5	10	20.540000
tfs2_83.txt	100	100	100	400	29838	30000	3	8	9.390000
tfs2_84.txt	100	100	100	400	29844	30000	8	16	17.740000
tfs2_85.txt	100	100	100	400	29781	30000	5	10	16.700000
tfs2_86.txt	100	100	100	400	30000	30000	5	12	6.200000
tfs2_87.txt	100	100	100	400	29937	30000	11	22	14.610000
tfs2_88.txt	100	100	100	400	29898	30000	7	10	13.620000
tfs2_89.txt	100	100	100	400	29928	30000	3	7	4.950000
tfs2_90.txt	100	100	100	400	29730	30000	5	10	12.140000
tfs2_91.txt	100	100	150	150	29801	30000	6	6	19.550000
tfs2_92.txt	100	100	150	150	29539	30000	6	7	8.680000
tfs2_93.txt	100	100	150	150	29934	30000	6	6	9.780000
tfs2_94.txt	100	100	150	150	29834	30000	9	9	15.930000
tfs2_95.txt	100	100	150	150	29643	30000	9	7	15.040000
tfs2_96.txt	100	100	150	150	29611	30000	9	8	15.600000
tfs2_97.txt	100	100	150	150	29670	30000	11	11	11.430000
tfs2_98.txt	100	100	150	150	29753	30000	7	6	18.400000
tfs2_99.txt	100	100	150	150	29790	30000	11	9	12.140000
tfs2_100.txt	100	100	150	150	29784	30000	6	6	16.260000
tfs2_101.txt	100	100	150	450	29961	30000	6	10	18.180000
tfs2_102.txt	100	100	150	450	29889	30000	7	10	13.730000
tfs2_103.txt	100	100	150	450	29916	30000	8	12	9.060000
tfs2_104.txt	100	100	150	450	29985	30000	5	6	7.470000
tfs2_105.txt	100	100	150	450	29862	30000	5	9	19.610000
tfs2_106.txt	100	100	150	450	29958	30000	2	2	14.610000
tfs2_107.txt	100	100	150	450	30000	30000	3	6	0.110000
tfs2_108.txt	100	100	150	450	29964	30000	6	9	16.040000
tfs2_109.txt	100	100	150	450	29979	30000	7	11	16.310000
tfs2_110.txt	100	100	150	450	29944	30000	4	5	28.340000
tfs2_111.txt	100	100	150	600	29856	30000	3	7	14.180000
tfs2_112.txt	100	100	150	600	30000	30000	3	12	13.620000
tfs2_113.txt	100	100	150	600	30000	30000	5	9	2.630000
tfs2_114.txt	100	100	150	600	30000	30000	6	10	1.700000
tfs2_115.txt	100	100	150	600	29991	30000	4	7	20.760000
tfs2_116.txt	100	100	150	600	29970	30000	5	8	11.590000
tfs2_117.txt	100	100	150	600	29952	30000	11	24	54.760000
tfs2_118.txt	100	100	150	600	29970	30000	5	11	18.890000
tfs2_119.txt	100	100	150	600	29937	30000	6	16	17.310000
tfs2_120.txt	100	100	150	600	29988	30000	8	22	16.810000
tfs2_121.txt	100	100	250	250	29871	30000	6	6	28.510000
tfs2_122.txt	100	100	250	250	29675	30000	8	6	19.230000
tfs2_123.txt	100	100	250	250	29640	30000	10	10	16.370000
tfs2_124.txt	100	100	250	250	29847	30000	9	13	25.600000
tfs2_125.txt	100	100	250	250	29976	30000	6	6	17.800000
tfs2_126.txt	100	100	250	250	29775	30000	16	17	36.910000
tfs2_127.txt	100	100	250	250	29801	30000	7	9	21.530000
tfs2_128.txt	100	100	250	250	29811	30000	8	8	18.840000
tfs2_129.txt	100	100	250	250	29988	30000	3	3	13.840000
tfs2_130.txt	100	100	250	250	29691	30000	9	8	15.930000
tfs2_131.txt	100	100	250	750	29976	30000	7	9	21.310000
tfs2_132.txt	100	100	250	750	29976	30000	6	11	38.950000
tfs2_133.txt	100	100	250	750	29988	30000	2	3	19.330000
tfs2_134.txt	100	100	250	750	30000	30000	3	7	3.730000
tfs2_135.txt	100	100	250	750	29982	30000	4	6	15.490000
tfs2_136.txt	100	100	250	750	29994	30000	5	13	34.000000
tfs2_137.txt	100	100	250	750	30000	30000	2	3	1.530000
tfs2_138.txt	100	100	250	750	29952	30000	3	7	17.030000
tfs2_139.txt	100	100	250	750	29952	30000	5	11	27.630000
tfs2_140.txt	100	100	250	750	29972	30000	6	9	20.270000
tfs2_141.txt	100	100	250	1000	30000	30000	2	4	0.380000
tfs2_142.txt	100	100	250	1000	30000	30000	2	5	5.110000
tfs2_143.txt	100	100	250	1000	30000	30000	3	6	4.450000
tfs2_144.txt	100	100	250	1000	29984	30000	14	18	31.200000
tfs2_145.txt	100	100	250	1000	29988	30000	7	10	21.970000
tfs2_146.txt	100	100	250	1000	29934	30000	10	14	20.430000
tfs2_147.txt	100	100	250	1000	30000	30000	4	5	3.190000
tfs2_148.txt	100	100	250	1000	30000	30000	3	9	2.200000
tfs2_149.txt	100	100	250	1000	30000	30000	3	10	4.720000
tfs2_150.txt	100	100	250	1000	29988	30000	7	16	25.700000
tfs2_151.txt	100	100	500	500	29980	30000	6	7	44.270000
tfs2_152.txt	100	100	500	500	29968	30000	6	6	29.440000
tfs2_153.txt	100	100	500	500	29949	30000	8	8	27.360000
tfs2_154.txt	100	100	500	500	29982	30000	11	11	39.650000
tfs2_155.txt	100	100	500	500	29976	30000	10	10	31.190000
tfs2_156.txt	100	100	500	500	29936	30000	6	5	21.090000
tfs2_157.txt	100	100	500	500	29988	30000	8	8	31.190000
tfs2_158.txt	100	100	500	500	29958	30000	6	6	37.290000
tfs2_159.txt	100	100	500	500	29952	30000	9	10	30.370000
tfs2_160.txt	100	100	500	500	30000	30000	5	5	8.560000
tfs2_161.txt	100	100	500	1500	30000	30000	5	7	1.590000
tfs2_162.txt	100	100	500	1500	30000	30000	4	8	2.200000
tfs2_163.txt	100	100	500	1500	30000	30000	5	9	0.270000
tfs2_164.txt	100	100	500	1500	30000	30000	3	7	0.660000
tfs2_165.txt	100	100	500	1500	30000	30000	15	19	2.960000
tfs2_166.txt	100	100	500	1500	30000	30000	3	7	3.020000
tfs2_167.txt	100	100	500	1500	30000	30000	4	9	0.720000
tfs2_168.txt	100	100	500	1500	30000	30000	3	6	0.770000
tfs2_169.txt	100	100	500	1500	30000	30000	4	9	5.490000
tfs2_170.txt	100	100	500	1500	30000	30000	4	9	14.060000
tfs2_171.txt	100	100	500	2000	30000	30000	3	8	2.190000
tfs2_172.txt	100	100	500	2000	30000	30000	1	4	2.530000
tfs2_173.txt	100	100	500	2000	30000	30000	3	3	8.560000
tfs2_174.txt	100	100	500	2000	30000	30000	3	9	3.510000
tfs2_175.txt	100	100	500	2000	29982	30000	4	7	29.610000
tfs2_176.txt	100	100	500	2000	30000	30000	5	15	17.250000
tfs2_177.txt	100	100	500	2000	30000	30000	1	4	0.330000
tfs2_178.txt	100	100	500	2000	30000	30000	3	7	21.040000
tfs2_179.txt	100	100	500	2000	30000	30000	7	12	0.980000
tfs2_180.txt	100	100	500	2000	30000	30000	3	5	0.440000
tfs2_181.txt	100	100	1000	1000	29977	30000	8	9	43.780000
tfs2_182.txt	100	100	1000	1000	30000	30000	2	2	23.790000
tfs2_183.txt	100	100	1000	1000	30000	30000	4	4	12.300000
tfs2_184.txt	100	100	1000	1000	29985	30000	8	8	43.500000
tfs2_185.txt	100	100	1000	1000	30000	30000	5	5	1.370000
tfs2_186.txt	100	100	1000	1000	30000	30000	2	2	5.990000
tfs2_187.txt	100	100	1000	1000	29976	30000	4	4	41.360000
tfs2_188.txt	100	100	1000	1000	30000	30000	5	5	34.880000
tfs2_189.txt	100	100	1000	1000	30000	30000	3	3	8.410000
tfs2_190.txt	100	100	1000	1000	30000	30000	2	2	6.040000
tfs2_191.txt	100	100	1000	3000	30000	30000	4	7	5.820000
tfs2_192.txt	100	100	1000	3000	30000	30000	7	12	1.530000
tfs2_193.txt	100	100	1000	3000	30000	30000	11	19	3.180000
tfs2_194.txt	100	100	1000	3000	30000	30000	4	7	2.090000
tfs2_195.txt	100	100	1000	3000	30000	30000	4	10	3.630000
tfs2_196.txt	100	100	1000	3000	30000	30000	4	8	6.810000
tfs2_197.txt	100	100	1000	3000	30000	30000	11	15	1.640000
tfs2_198.txt	100	100	1000	3000	30000	30000	1	1	0.390000
tfs2_199.txt	100	100	1000	3000	30000	30000	7	10	4.670000
tfs2_200.txt	100	100	1000	3000	30000	30000	5	9	1.320000
tfs2_201.txt	100	100	1000	4000	30000	30000	5	11	5.000000
tfs2_202.txt	100	100	1000	4000	30000	30000	1	4	2.310000
tfs2_203.txt	100	100	1000	4000	30000	30000	4	10	9.720000
tfs2_204.txt	100	100	1000	4000	30000	30000	1	4	0.380000
tfs2_205.txt	100	100	1000	4000	30000	30000	5	9	3.400000
tfs2_206.txt	100	100	1000	4000	30000	30000	4	8	1.310000
tfs2_207.txt	100	100	1000	4000	30000	30000	4	10	2.310000
tfs2_208.txt	100	100	1000	4000	30000	30000	8	16	1.200000
tfs2_209.txt	100	100	1000	4000	30000	30000	4	12	0.330000
tfs2_210.txt	100	100	1000	4000	30000	30000	7	14	0.490000
tfs3_1.txt	100	100	40	40	28315	29991	14	14	13.070000
tfs3_2.txt	100	100	40	40	27653	29991	11	11	11.650000
tfs3_3.txt	100	100	40	40	28800	30000	7	8	5.710000
tfs3_4.txt	100	100	40	40	25824	28170	17	20	7.410000
tfs3_5.txt	100	100	40	40	27754	30000	10	9	6.430000
tfs3_6.txt	100	100	40	40	28821	30000	9	9	11.260000
tfs3_7.txt	100	100	40	40	28543	30000	10	9	6.160000
tfs3_8.txt	100	100	40	40	28329	30000	8	10	5.220000
tfs3_9.txt	100	100	40	40	27587	30000	14	15	2.910000
tfs3_10.txt	100	100	40	40	25959	29991	9	9	3.570000
tfs3_11.txt	100	100	40	120	29772	30000	12	14	11.210000
tfs3_12.txt	100	100	40	120	29646	30000	8	11	9.120000
tfs3_13.txt	100	100	40	120	29736	30000	3	6	6.810000
tfs3_14.txt	100	100	40	120	29385	30000	7	10	5.990000
tfs3_15.txt	100	100	40	120	29317	30000	12	14	4.620000
tfs3_16.txt	100	100	40	120	29139	30000	9	15	9.550000
tfs3_17.txt	100	100	40	120	29565	30000	6	10	3.460000
tfs3_18.txt	100	100	40	120	29436	30000	5	10	7.970000
tfs3_19.txt	100	100	40	120	29928	30000	5	9	3.350000
tfs3_20.txt	100	100	40	120	29304	30000	7	11	3.350000
tfs3_21.txt	100	100	40	160	29658	30000	9	11	5.650000
tfs3_22.txt	100	100	40	160	29130	30000	4	7	9.230000
tfs3_23.txt	100	100	40	160	29541	30000	8	11	10.380000
tfs3_24.txt	100	100	40	160	29700	30000	1	4	2.470000
tfs3_25.txt	100	100	40	160	29680	30000	4	13	5.660000
tfs3_26.txt	100	100	40	160	29475	30000	10	15	7.410000
tfs3_27.txt	100	100	40	160	29682	30000	9	15	11.430000
tfs3_28.txt	100	100	40	160	29574	30000	9	16	17.140000
tfs3_29.txt	100	100	40	160	29362	30000	9	18	22.950000
tfs3_30.txt	100	100	40	160	29691	30000	7	15	8.960000
tfs3_31.txt	100	100	50	50	28941	30000	7	7	9.830000
tfs3_32.txt	100	100	50	50	29415	30000	4	3	5.110000
tfs3_33.txt	100	100	50	50	28694	30000	14	14	10.220000
tfs3_34.txt	100	100	50	50	26968	29982	9	14	2.310000
tfs3_35.txt	100	100	50	50	28751	30000	8	6	3.740000
tfs3_36.txt	100	100	50	50	28149	29994	12	12	14.780000
tfs3_37.txt	100	100	50	50	28850	30000	12	12	8.240000
tfs3_38.txt	100	100	50	50	28048	30000	10	11	8.070000
tfs3_39.txt	100	100	50	50	28731	30000	10	10	5.990000
tfs3_40.txt	100	100	50	50	28299	30000	8	7	2.960000
tfs3_41.txt	100	100	50	150	29664	30000	7	9	10.550000
tfs3_42.txt	100	100	50	150	29667	30000	7	13	15.650000
tfs3_43.txt	100	100	50	150	29866	30000	9	13	19.440000
tfs3_44.txt	100	100	50	150	29529	30000	11	18	10.270000
tfs3_45.txt	100	100	50	150	29478	30000	8	13	8.240000
tfs3_46.txt	100	100	50	150	29847	30000	5	12	8.520000
tfs3_47.txt	100	100	50	150	29122	30000	8	13	19.110000
tfs3_48.txt	100	100	50	150	29485	30000	9	16	18.730000
tfs3_49.txt	100	100	50	150	29250	30000	3	6	3.520000
tfs3_50.txt	100	100	50	150	29592	30000	3	6	14.280000
tfs3_51.txt	100	100	50	200	29496	30000	8	12	6.710000
tfs3_52.txt	100	100	50	200	29343	30000	8	15	4.390000
tfs3_53.txt	100	100	50	200	29682	30000	6	12	10.710000
tfs3_54.txt	100	100	50	200	29531	30000	10	16	16.480000
tfs3_55.txt	100	100	50	200	29494	30000	7	30	14.990000
tfs3_56.txt	100	100	50	200	29838	30000	6	14	13.340000
tfs3_57.txt	100	100	50	200	29507	30000	7	11	7.630000
tfs3_58.txt	100	100	50	200	29532	30000	8	16	8.020000
tfs3_59.txt	100	100	50	200	29839	30000	6	11	12.580000
tfs3_60.txt	100	100	50	200	29964	30000	4	10	9.500000
tfs3_61.txt	100	100	100	100	29531	30000	13	11	32.620000
tfs3_62.txt	100	100	100	100	29459	30000	11	10	16.750000
tfs3_63.txt	100	100	100	100	29366	30000	15	15	30.480000
tfs3_64.txt	100	100	100	100	29532	30000	10	10	10.660000
tfs3_65.txt	100	100	100	100	29746	30000	5	7	12.690000
tfs3_66.txt	100	100	100	100	29746	30000	14	14	25.040000
tfs3_67.txt	100	100	100	100	29286	30000	10	8	7.960000
tfs3_68.txt	100	100	100	100	29340	30000	2	2	8.350000
tfs3_69.txt	100	100	100	100	29353	30000	13	13	16.200000
tfs3_70.txt	100	100	100	100	29625	30000	8	8	11.150000
tfs3_71.txt	100	100	100	300	29747	30000	9	17	25.600000
tfs3_72.txt	100	100	100	300	29868	30000	4	7	12.300000
tfs3_73.txt	100	100	100	300	29958	30000	3	7	16.210000
tfs3_74.txt	100	100	100	300	29580	30000	4	7	13.180000
tfs3_75.txt	100	100	100	300	29874	30000	7	15	12.200000
tfs3_76.txt	100	100	100	300	29964	30000	4	11	15.660000
tfs3_77.txt	100	100	100	300	29934	30000	7	14	13.070000
tfs3_78.txt	100	100	100	300	29820	30000	5	9	9.880000
tfs3_79.txt	100	100	100	300	29898	30000	7	12	33.890000
tfs3_80.txt	100	100	100	300	29886	30000	7	14	19.550000
tfs3_81.txt	100	100	100	400	30000	30000	6	11	0.710000
tfs3_82.txt	100	100	100	400	29883	30000	8	12	20.440000
tfs3_83.txt	100	100	100	400	30000	30000	1	4	0.440000
tfs3_84.txt	100	100	100	400	29811	30000	8	11	15.380000
tfs3_85.txt	100	100	100	400	29940	30000	8	14	34.170000
tfs3_86.txt	100	100	100	400	29976	30000	3	5	12.310000
tfs3_87.txt	100	100	100	400	29940	30000	7	12	21.700000
tfs3_88.txt	100	100	100	400	29928	30000	11	17	30.100000
tfs3_89.txt	100	100	100	400	30000	30000	5	14	5.060000
tfs3_90.txt	100	100	100	400	29976	30000	9	12	35.970000
tfs3_91.txt	100	100	150	150	29637	30000	11	11	27.360000
tfs3_92.txt	100	100	150	150	29738	30000	14	13	22.740000
tfs3_93.txt	100	100	150	150	29771	30000	8	8	19.500000
tfs3_94.txt	100	100	150	150	29601	30000	10	10	16.970000
tfs3_95.txt	100	100	150	150	29644	30000	11	11	16.700000
tfs3_96.txt	100	100	150	150	29475	30000	11	11	26.860000
tfs3_97.txt	100	100	150	150	29655	30000	9	9	14.880000
tfs3_98.txt	100	100	150	150	29387	30000	6	6	5.490000
tfs3_99.txt	100	100	150	150	29629	30000	9	9	18.290000
tfs3_100.txt	100	100	150	150	29597	30000	7	6	23.940000
tfs3_101.txt	100	100	150	450	29916	30000	7	12	25.370000
tfs3_102.txt	100	100	150	450	30000	30000	4	4	6.160000
tfs3_103.txt	100	100	150	450	29838	30000	7	10	18.950000
tfs3_104.txt	100	100	150	450	29991	30000	8	13	18.950000
tfs3_105.txt	100	100	150	450	29970	30000	6	11	19.660000
tfs3_106.txt	100	100	150	450	29931	30000	11	15	35.970000
tfs3_107.txt	100	100	150	450	29928	30000	8	13	30.640000
tfs3_108.txt	100	100	150	450	30000	30000	5	7	0.820000
tfs3_109.txt	100	100	150	450	29988	30000	8	12	21.150000
tfs3_110.txt	100	100	150	450	30000	30000	2	4	3.350000
tfs3_111.txt	100	100	150	600	29910	30000	6	11	14.280000
tfs3_112.txt	100	100	150	600	29952	30000	6	12	20.770000
tfs3_113.txt	100	100	150	600	30000	30000	7	13	1.480000
tfs3_114.txt	100	100	150	600	29856	30000	9	16	39.440000
tfs3_115.txt	100	100	150	600	30000	30000	10	24	7.580000
tfs3_116.txt	100	100	150	600	30000	30000	5	13	24.390000
tfs3_117.txt	100	100	150	600	29992	30000	5	9	19.600000
tfs3_118.txt	100	100	150	600	30000	30000	7	14	19.440000
tfs3_119.txt	100	100	150	600	30000	30000	7	14	21.860000
tfs3_120.txt	100	100	150	600	29880	30000	6	14	26.250000
tfs3_121.txt	100	100	250	250	29860	30000	9	14	30.370000
tfs3_122.txt	100	100	250	250	29768	30000	9	8	23.020000
tfs3_123.txt	100	100	250	250	29826	30000	8	7	29.060000
tfs3_124.txt	100	100	250	250	29842	30000	7	6	29.830000
tfs3_125.txt	100	100	250	250	29690	30000	8	7	24.500000
tfs3_126.txt	100	100	250	250	29994	30000	6	6	25.930000
tfs3_127.txt	100	100	250	250	29904	30000	9	11	21.700000
tfs3_128.txt	100	100	250	250	29715	30000	13	12	35.540000
tfs3_129.txt	100	100	250	250	29802	30000	12	12	29.170000
tfs3_130.txt	100	100	250	250	29951	30000	10	10	25.260000
tfs3_131.txt	100	100	250	750	29979	30000	9	12	18.890000
tfs3_132.txt	100	100	250	750	30000	30000	4	7	11.320000
tfs3_133.txt	100	100	250	750	29970	30000	9	15	29.220000
tfs3_134.txt	100	100	250	750	29976	30000	8	14	22.520000
tfs3_135.txt	100	100	250	750	30000	30000	8	12	6.700000
tfs3_136.txt	100	100	250	750	30000	30000	9	13	3.460000
tfs3_137.txt	100	100	250	750	30000	30000	8	17	26.640000
tfs3_138.txt	100	100	250	750	29973	30000	6	11	14.940000
tfs3_139.txt	100	100	250	750	29955	30000	12	18	27.400000
tfs3_140.txt	100	100	250	750	30000	30000	9	18	5.660000
tfs3_141.txt	100	100	250	1000	30000	30000	2	5	0.500000
tfs3_142.txt	100	100	250	1000	30000	30000	6	10	7.850000
tfs3_143.txt	100	100	250	1000	29991	30000	5	11	29.930000
tfs3_144.txt	100	100	250	1000	30000	30000	4	9	1.430000
tfs3_145.txt	100	100	250	1000	30000	30000	8	18	7.030000
tfs3_146.txt	100	100	250	1000	29988	30000	6	17	50.640000
tfs3_147.txt	100	100	250	1000	30000	30000	1	2	0.330000
tfs3_148.txt	100	100	250	1000	30000	30000	3	6	0.330000
tfs3_149.txt	100	100	250	1000	30000	30000	4	9	1.310000
tfs3_150.txt	100	100	250	1000	30000	30000	6	17	1.810000
tfs3_151.txt	100	100	500	500	29996	30000	6	5	27.020000
tfs3_152.txt	100	100	500	500	29984	30000	8	7	42.900000
tfs3_153.txt	100	100	500	500	29976	30000	7	7	42.290000
tfs3_154.txt	100	100	500	500	29985	30000	5	5	58.060000
tfs3_155.txt	100	100	500	500	29961	30000	11	11	56.240000
tfs3_156.txt	100	100	500	500	29996	30000	7	6	37.240000
tfs3_157.txt	100	100	500	500	29952	30000	6	6	44.110000
tfs3_158.txt	100	100	500	500	29964	30000	7	7	29.610000
tfs3_159.txt	100	100	500	500	30000	30000	9	9	4.390000
tfs3_160.txt	100	100	500	500	29958	30000	9	9	36.690000
tfs3_161.txt	100	100	500	1500	30000	30000	3	6	1.540000
tfs3_162.txt	100	100	500	1500	30000	30000	8	11	15.160000
tfs3_163.txt	100	100	500	1500	30000	30000	5	10	2.520000
tfs3_164.txt	100	100	500	1500	30000	30000	5	8	0.610000
tfs3_165.txt	100	100	500	1500	30000	30000	5	9	1.650000
tfs3_166.txt	100	100	500	1500	30000	30000	4	7	11.860000
tfs3_167.txt	100	100	500	1500	30000	30000	5	7	2.300000
tfs3_168.txt	100	100	500	1500	30000	30000	4	7	4.510000
tfs3_169.txt	100	100	500	1500	30000	30000	4	9	7.910000
tfs3_170.txt	100	100	500	1500	30000	30000	4	8	3.520000
tfs3_171.txt	100	100	500	2000	30000	30000	1	4	0.280000
tfs3_172.txt	100	100	500	2000	30000	30000	8	15	1.100000
tfs3_173.txt	100	100	500	2000	30000	30000	5	12	11.040000
tfs3_174.txt	100	100	500	2000	30000	30000	3	12	2.590000
tfs3_175.txt	100	100	500	2000	30000	30000	6	9	45.750000
tfs3_176.txt	100	100	500	2000	30000	30000	2	4	0.820000
tfs3_177.txt	100	100	500	2000	30000	30000	3	8	2.630000
tfs3_178.txt	100	100	500	2000	30000	30000	2	8	2.140000
tfs3_179.txt	100	100	500	2000	30000	30000	5	10	15.260000
tfs3_180.txt	100	100	500	2000	30000	30000	11	21	7.910000
tfs3_181.txt	100	100	1000	1000	29994	30000	5	5	41.690000
tfs3_182.txt	100	100	1000	1000	30000	30000	5	5	20.870000
tfs3_183.txt	100	100	1000	1000	29991	30000	4	4	55.640000
tfs3_184.txt	100	100	1000	1000	30000	30000	5	5	2.520000
tfs3_185.txt	100	100	1000	1000	30000	30000	7	7	37.960000
tfs3_186.txt	100	100	1000	1000	30000	30000	6	6	2.690000
tfs3_187.txt	100	100	1000	1000	29964	30000	7	6	65.360000
tfs3_188.txt	100	100	1000	1000	30000	30000	6	6	0.660000
tfs3_189.txt	100	100	1000	1000	30000	30000	3	3	0.880000
tfs3_190.txt	100	100	1000	1000	30000	30000	6	6	21.420000
tfs3_191.txt	100	100	1000	3000	30000	30000	5	9	0.930000
tfs3_192.txt	100	100	1000	3000	30000	30000	5	10	10.000000
tfs3_193.txt	100	100	1000	3000	30000	30000	2	3	0.440000
tfs3_194.txt	100	100	1000	3000	30000	30000	5	7	19.820000
tfs3_195.txt	100	100	1000	3000	30000	30000	3	7	0.600000
tfs3_196.txt	100	100	1000	3000	30000	30000	4	5	2.800000
tfs3_197.txt	100	100	1000	3000	30000	30000	5	5	4.400000
tfs3_198.txt	100	100	1000	3000	30000	30000	3	6	0.990000
tfs3_199.txt	100	100	1000	3000	30000	30000	3	5	1.540000
tfs3_200.txt	100	100	1000	3000	30000	30000	3	6	2.200000
tfs3_201.txt	100	100	1000	4000	30000	30000	4	9	2.530000
tfs3_202.txt	100	100	1000	4000	30000	30000	7	15	6.260000
tfs3_203.txt	100	100	1000	4000	30000	30000	4	7	6.480000
tfs3_204.txt	100	100	1000	4000	30000	30000	8	15	0.550000
tfs3_205.txt	100	100	1000	4000	30000	30000	1	2	1.100000
tfs3_206.txt	100	100	1000	4000	30000	30000	14	25	7.960000
tfs3_207.txt	100	100	1000	4000	30000	30000	8	12	6.540000
tfs3_208.txt	100	100	1000	4000	30000	30000	8	14	3.740000
tfs3_209.txt	100	100	1000	4000	30000	30000	3	10	1.540000
tfs3_210.txt	100	100	1000	4000	30000	30000	1	1	0.720000
Leung1.txt	400	200	9	10	80000	80000	9	10	0.110000
Leung2.txt	400	200	7	15	79000	79000	10	14	0.000000
Leung3.txt	400	400	5	20	151900	160000	13	17	2.470000
Leung4.txt	70	80	14	20	5400	5600	13	19	6.040000
Leung5.txt	70	80	16	25	5452	5600	18	23	15.820000
Leung6.txt	120	45	22	25	5310	5400	22	24	11.530000
Leung7.txt	90	45	16	30	3978	4050	19	29	8.070000
Leung8.txt	65	45	18	30	2889	2925	24	29	13.900000
Leung9.txt	150	110	40	40	15896	16500	37	37	159.230000
Leung10.txt	160	120	50	50	18652	19200	46	46	360.810000
Ap1.txt	10	10	5	10	164	164	4	5	0.000000
Ap2.txt	10	10	7	17	230	230	3	5	0.000000
Ap3.txt	10	10	10	21	247	247	5	7	0.000000
Ap4.txt	15	10	5	7	268	268	5	6	0.000000
Ap5.txt	15	10	7	14	358	358	5	6	0.000000
Ap6.txt	15	10	10	15	289	289	7	7	0.000000
Ap7.txt	20	20	5	8	430	430	5	8	0.000000
Ap8.txt	20	20	7	13	834	834	7	8	0.110000
Ap9.txt	20	20	10	18	924	924	7	11	0.000000
Ap10.txt	30	30	5	13	1452	1452	2	6	0.000000
Ap11.txt	30	30	7	15	1688	1688	5	9	0.000000
Ap12.txt	30	30	10	22	1865	1865	8	9	0.220000
Ap13.txt	30	30	7	7	1178	1178	5	5	0.000000
Ap14.txt	30	30	15	15	1270	1270	5	5	0.000000
Ap15.txt	70	40	19	42	2726	2726	6	8	0.060000
Ap16.txt	40	70	20	62	1860	1860	7	10	0.770000
Ap17.txt	100	100	15	50	27589	27718	6	10	11.700000
Ap18.txt	100	100	30	30	21976	22502	9	9	11.590000
Ap19.txt	100	100	30	30	23743	24019	9	9	12.970000
Ap20.txt	100	100	33	61	32893	32893	6	10	0.330000
Ap21.txt	100	100	29	97	27923	27923	2	8	0.000000
tfs1_1.txt	100	100	40	40	27852	29955	4	5	10.440000
tfs1_2.txt	100	100	40	40	28277	30000	8	10	18.460000
tfs1_3.txt	100	100	40	40	27884	30000	7	7	17.580000
tfs1_4.txt	100	100	40	40	28494	30000	9	9	15.370000
tfs1_5.txt	100	100	40	40	28677	30000	4	4	20.870000
tfs1_6.txt	100	100	40	40	27686	30000	6	5	21.910000
tfs1_7.txt	100	100	40	40	28396	29994	9	9	40.530000
tfs1_8.txt	100	100	40	40	27840	30000	9	9	35.600000
tfs1_9.txt	100	100	40	40	28036	30000	9	9	36.140000
tfs1_10.txt	100	100	40	40	28936	29982	8	13	19.390000
tfs1_11.txt	100	100	40	120	28612	30000	10	18	76.290000
tfs1_12.txt	100	100	40	120	29436	30000	8	10	38.110000
tfs1_13.txt	100	100	40	120	29559	30000	8	12	39.220000
tfs1_14.txt	100	100	40	120	29154	30000	10	16	44.330000
tfs1_15.txt	100	100	40	120	29496	30000	8	10	58.830000
tfs1_16.txt	100	100	40	120	29388	30000	4	6	12.080000
tfs1_17.txt	100	100	40	120	27996	30000	6	10	20.270000
tfs1_18.txt	100	100	40	120	29748	30000	8	13	36.530000
tfs1_19.txt	100	100	40	120	29712	30000	8	8	70.690000
tfs1_20.txt	100	100	40	120	29112	30000	5	7	24.560000
tfs1_21.txt	100	100	40	160	29700	30000	1	4	10.160000
tfs1_22.txt	100	100	40	160	29586	30000	5	10	42.780000
tfs1_23.txt	100	100	40	160	29532	30000	6	9	31.140000
tfs1_24.txt	100	100	40	160	29240	30000	4	7	11.420000
tfs1_25.txt	100	100	40	160	29622	30000	6	8	29.440000
tfs1_26.txt	100	100	40	160	28990	30000	13	15	36.200000
tfs1_27.txt	100	100	40	160	29676	30000	3	6	31.530000
tfs1_28.txt	100	100	40	160	29517	30000	6	11	98.320000
tfs1_29.txt	100	100	40	160	29058	30000	7	20	26.530000
tfs1_30.txt	100	100	40	160	29296	30000	8	14	15.540000
tfs1_31.txt	100	100	50	50	29245	30000	7	8	25.540000
tfs1_32.txt	100	100	50	50	28554	29994	11	12	11.040000
tfs1_33.txt	100	100	50	50	28824	30000	9	7	28.010000
tfs1_34.txt	100	100	50	50	27693	30000	10	12	49.040000
tfs1_35.txt	100	100	50	50	28416	30000	7	7	24.500000
tfs1_36.txt	100	100	50	50	28580	30000	7	7	30.420000
tfs1_37.txt	100	100	50	50	29648	30000	5	4	14.330000
tfs1_38.txt	100	100	50	50	28310	30000	8	8	23.840000
tfs1_39.txt	100	100	50	50	29514	30000	10	14	52.400000
tfs1_40.txt	100	100	50	50	28272	30000	8	8	25.540000
tfs1_41.txt	100	100	50	150	29550	30000	5	7	38.780000
tfs1_42.txt	100	100	50	150	29800	30000	4	5	37.630000
tfs1_43.txt	100	100	50	150	29556	30000	3	5	37.020000
tfs1_44.txt	100	100	50	150	29397	30000	6	10	67.720000
tfs1_45.txt	100	100	50	150	29541	30000	6	7	29.660000
tfs1_46.txt	100	100	50	150	29371	30000	8	12	51.630000
tfs1_47.txt	100	100	50	150	29434	30000	5	9	38.450000
tfs1_48.txt	100	100	50	150	29370	30000	2	3	27.080000
tfs1_49.txt	100	100	50	150	29604	30000	9	14	35.650000
tfs1_50.txt	100	100	50	150	29298	30000	6	11	17.420000
tfs1_51.txt	100	100	50	200	29874	30000	3	5	34.710000
tfs1_52.txt	100	100	50	200	29859	30000	7	12	36.740000
tfs1_53.txt	100	100	50	200	29919	30000	7	12	43.220000
tfs1_54.txt	100	100	50	200	29928	30000	6	7	36.310000
tfs1_55.txt	100	100	50	200	29817	30000	9	15	59.980000
tfs1_56.txt	100	100	50	200	29881	30000	5	8	62.280000
tfs1_57.txt	100	100	50	200	29156	30000	8	16	59.320000
tfs1_58.txt	100	100	50	200	29799	30000	5	10	36.850000
tfs1_59.txt	100	100	50	200	29652	30000	10	15	44.050000
tfs1_60.txt	100	100	50	200	29324	30000	7	9	68.880000
tfs1_61.txt	100	100	100	100	29865	30000	5	5	91.950000
tfs1_62.txt	100	100	100	100	29224	30000	8	7	64.920000
tfs1_63.txt	100	100	100	100	29699	30000	5	5	43.170000
tfs1_64.txt	100	100	100	100	29631	30000	8	6	72.120000
tfs1_65.txt	100	100	100	100	29187	30000	7	6	18.180000
tfs1_66.txt	100	100	100	100	29558	30000	7	6	49.210000
tfs1_67.txt	100	100	100	100	29661	30000	9	9	59.710000
tfs1_68.txt	100	100	100	100	29685	30000	2	2	39.490000
tfs1_69.txt	100	100	100	100	29523	30000	4	4	47.780000
tfs1_70.txt	100	100	100	100	29565	30000	4	4	14.000000
tfs1_71.txt	100	100	100	300	29988	30000	9	14	87.280000
tfs1_72.txt	100	100	100	300	29778	30000	7	11	104.140000
tfs1_73.txt	100	100	100	300	29820	30000	5	8	67.840000
tfs1_74.txt	100	100	100	300	29890	30000	6	10	98.210000
tfs1_75.txt	100	100	100	300	29808	30000	6	9	48.450000
