1000
100	100
9	20	0	4	180
27	2	0	4	108
50	9	0	4	1350
87	31	0	4	2697
77	32	0	4	7392
54	57	0	4	6156
81	7	0	4	1701
87	36	0	4	9396
51	99	0	4	10098
6	94	0	4	1128
78	64	0	4	4992
19	3	0	4	114
76	64	0	4	9728
19	17	0	4	646
95	70	0	4	19950
86	39	0	4	3354
7	87	0	4	1218
27	37	0	4	1998
8	83	0	4	1328
8	17	0	4	136
93	76	0	4	21204
95	98	0	4	18620
41	34	0	4	2788
90	3	0	4	270
87	96	0	4	16704
31	84	0	4	5208
24	33	0	4	792
21	44	0	4	1848
63	70	0	4	13230
42	38	0	4	1596
80	40	0	4	9600
36	24	0	4	2592
77	46	0	4	3542
25	23	0	4	1725
50	93	0	4	4650
80	14	0	4	1120
90	41	0	4	11070
37	39	0	4	4329
34	43	0	4	2924
12	89	0	4	1068
92	59	0	4	16284
98	20	0	4	1960
78	23	0	4	5382
36	48	0	4	5184
46	15	0	4	1380
38	81	0	4	6156
35	80	0	4	8400
38	14	0	4	1064
33	46	0	4	1518
4	26	0	4	312
13	36	0	4	468
55	74	0	4	12210
22	20	0	4	440
2	85	0	4	510
21	22	0	4	1386
24	77	0	4	1848
17	85	0	4	1445
10	30	0	4	600
62	69	0	4	12834
76	41	0	4	9348
84	47	0	4	11844
36	30	0	4	3240
98	19	0	4	1862
16	36	0	4	576
92	28	0	4	7728
12	7	0	4	252
19	14	0	4	798
87	93	0	4	8091
84	57	0	4	4788
44	29	0	4	1276
35	19	0	4	665
35	92	0	4	6440
23	11	0	4	253
88	88	0	4	7744
39	34	0	4	2652
8	11	0	4	176
23	47	0	4	3243
71	87	0	4	18531
85	27	0	4	6885
27	26	0	4	702
77	42	0	4	6468
41	16	0	4	656
91	19	0	4	1729
5	97	0	4	1455
29	3	0	4	174
31	23	0	4	2139
19	27	0	4	513
34	84	0	4	5712
32	88	0	4	2816
92	40	0	4	7360
91	32	0	4	5824
15	43	0	4	645
53	83	0	4	13197
35	27	0	4	2835
9	40	0	4	720
28	84	0	4	2352
78	25	0	4	5850
12	23	0	4	552
33	37	0	4	1221
42	47	0	4	3948
38	10	0	4	1140
2	82	0	4	328
38	21	0	4	1596
23	82	0	4	1886
31	32	0	4	1984
40	24	0	4	2880
31	28	0	4	868
69	70	0	4	4830
21	8	0	4	336
81	58	0	4	4698
66	82	0	4	5412
46	39	0	4	5382
72	84	0	4	18144
26	87	0	4	4524
100	65	0	4	6500
61	69	0	4	4209
82	6	0	4	1476
12	4	0	4	48
17	47	0	4	1598
37	28	0	4	3108
94	26	0	4	4888
28	96	0	4	2688
2	92	0	4	368
87	34	0	4	8874
77	31	0	4	7161
64	59	0	4	3776
49	3	0	4	294
97	88	0	4	8536
27	8	0	4	648
37	23	0	4	2553
46	29	0	4	1334
45	31	0	4	4185
85	31	0	4	7905
67	88	0	4	17688
91	14	0	4	3822
16	33	0	4	1584
85	47	0	4	11985
28	33	0	4	924
72	95	0	4	20520
48	29	0	4	4176
36	31	0	4	3348
98	5	0	4	490
85	21	0	4	3570
81	19	0	4	3078
41	39	0	4	3198
27	98	0	4	2646
56	67	0	4	7504
17	90	0	4	4590
66	94	0	4	18612
99	18	0	4	3564
7	36	0	4	252
95	44	0	4	4180
36	82	0	4	8856
9	78	0	4	1404
95	23	0	4	2185
50	43	0	4	2150
35	85	0	4	2975
90	14	0	4	1260
8	44	0	4	704
21	7	0	4	441
5	37	0	4	555
93	28	0	4	5208
6	40	0	4	240
41	78	0	4	3198
17	23	0	4	1173
80	74	0	4	5920
28	85	0	4	4760
72	95	0	4	20520
6	6	0	4	72
48	98	0	4	4704
99	70	0	4	6930
69	68	0	4	4692
46	29	0	4	2668
19	100	0	4	5700
31	35	0	4	1085
15	88	0	4	2640
20	28	0	4	1120
92	40	0	4	11040
46	23	0	4	1058
51	74	0	4	11322
20	45	0	4	900
71	63	0	4	13419
72	61	0	4	8784
15	20	0	4	600
76	10	0	4	2280
99	5	0	4	495
17	82	0	4	4182
4	41	0	4	492
25	27	0	4	2025
29	15	0	4	870
45	33	0	4	4455
50	48	0	4	2400
50	35	0	4	1750
38	48	0	4	5472
92	29	0	4	5336
11	80	0	4	2640
79	16	0	4	1264
34	33	0	4	3366
76	22	0	4	3344
76	67	0	4	15276
85	59	0	4	5015
11	18	0	4	396
60	77	0	4	9240
80	26	0	4	4160
5	84	0	4	1260
98	94	0	4	18424
96	4	0	4	1152
77	46	0	4	7084
83	76	0	4	6308
76	99	0	4	22572
64	73	0	4	14016
95	29	0	4	5510
10	96	0	4	1920
63	76	0	4	9576
88	26	0	4	4576
7	27	0	4	189
2	86	0	4	344
18	49	0	4	2646
33	44	0	4	1452
42	11	0	4	924
86	6	0	4	1032
4	44	0	4	528
92	21	0	4	5796
69	87	0	4	18009
89	14	0	4	1246
69	77	0	4	5313
37	38	0	4	4218
19	17	0	4	969
35	12	0	4	1260
59	97	0	4	17169
22	15	0	4	330
19	41	0	4	779
11	22	0	4	484
17	20	0	4	1020
30	32	0	4	960
39	24	0	4	936
14	25	0	4	700
16	25	0	4	800
35	34	0	4	1190
10	6	0	4	60
13	84	0	4	2184
47	27	0	4	2538
40	85	0	4	3400
18	18	0	4	972
92	40	0	4	7360
89	85	0	4	15130
84	3	0	4	504
63	92	0	4	5796
88	54	0	4	14256
98	45	0	4	4410
21	10	0	4	630
67	100	0	4	13400
88	13	0	4	2288
11	95	0	4	2090
100	61	0	4	12200
94	18	0	4	5076
24	34	0	4	816
49	93	0	4	9114
92	4	0	4	368
31	33	0	4	1023
22	20	0	4	880
95	69	0	4	13110
82	81	0	4	6642
4	3	0	4	24
73	64	0	4	4672
33	44	0	4	2904
76	37	0	4	8436
93	28	0	4	7812
31	19	0	4	589
28	36	0	4	1008
39	31	0	4	1209
26	16	0	4	416
85	60	0	4	10200
34	43	0	4	2924
39	48	0	4	3744
33	11	0	4	726
68	89	0	4	12104
16	84	0	4	4032
27	23	0	4	1242
23	3	0	4	69
20	44	0	4	880
65	70	0	4	4550
69	74	0	4	15318
51	59	0	4	9027
86	12	0	4	2064
10	40	0	4	1200
7	9	0	4	189
17	88	0	4	4488
63	51	0	4	6426
9	81	0	4	1458
99	43	0	4	12771
48	32	0	4	3072
99	20	0	4	1980
9	50	0	4	1350
31	96	0	4	2976
34	28	0	4	952
49	17	0	4	833
10	16	0	4	480
72	77	0	4	16632
32	13	0	4	416
78	100	0	4	7800
73	57	0	4	8322
5	39	0	4	585
50	44	0	4	2200
31	9	0	4	837
66	85	0	4	11220
28	87	0	4	7308
6	7	0	4	42
6	20	0	4	360
67	97	0	4	19497
49	5	0	4	735
43	3	0	4	129
9	8	0	4	72
36	79	0	4	8532
77	22	0	4	3388
82	12	0	4	1968
40	84	0	4	10080
10	24	0	4	480
98	33	0	4	6468
77	97	0	4	22407
91	2	0	4	182
95	38	0	4	10830
44	29	0	4	1276
6	97	0	4	1164
44	88	0	4	7744
12	15	0	4	180
98	21	0	4	6174
7	95	0	4	665
64	87	0	4	5568
56	73	0	4	12264
65	68	0	4	8840
60	84	0	4	15120
87	41	0	4	7134
88	22	0	4	5808
27	9	0	4	486
36	87	0	4	9396
40	99	0	4	7920
45	8	0	4	360
34	2	0	4	68
8	35	0	4	840
49	91	0	4	13377
31	26	0	4	1612
97	69	0	4	20079
27	8	0	4	648
8	20	0	4	480
78	94	0	4	7332
18	25	0	4	1350
34	88	0	4	8976
8	96	0	4	768
9	94	0	4	2538
93	4	0	4	1116
15	7	0	4	210
86	47	0	4	8084
61	63	0	4	11529
100	91	0	4	18200
63	84	0	4	5292
87	33	0	4	5742
87	12	0	4	1044
87	25	0	4	6525
42	44	0	4	5544
96	77	0	4	14784
79	91	0	4	7189
3	16	0	4	144
29	19	0	4	1102
80	22	0	4	3520
54	52	0	4	5616
94	21	0	4	5922
59	70	0	4	8260
19	31	0	4	1767
97	22	0	4	6402
82	12	0	4	1968
19	23	0	4	437
78	18	0	4	2808
2	36	0	4	72
87	38	0	4	6612
83	75	0	4	12450
36	46	0	4	1656
78	12	0	4	1872
9	83	0	4	1494
16	97	0	4	4656
62	95	0	4	11780
28	8	0	4	672
18	38	0	4	2052
26	91	0	4	4732
86	29	0	4	4988
52	59	0	4	6136
6	31	0	4	558
16	29	0	4	464
94	46	0	4	4324
88	22	0	4	1936
28	82	0	4	4592
25	87	0	4	2175
94	29	0	4	5452
73	57	0	4	12483
39	15	0	4	585
9	34	0	4	306
30	36	0	4	1080
98	60	0	4	11760
19	23	0	4	1311
64	71	0	4	4544
61	85	0	4	10370
85	43	0	4	3655
11	39	0	4	1287
38	11	0	4	836
46	36	0	4	4968
24	11	0	4	792
20	26	0	4	520
9	94	0	4	846
94	17	0	4	4794
83	88	0	4	21912
42	49	0	4	6174
29	87	0	4	7569
32	42	0	4	1344
43	31	0	4	3999
10	48	0	4	1440
87	28	0	4	7308
29	5	0	4	145
70	81	0	4	11340
28	32	0	4	1792
19	44	0	4	2508
4	89	0	4	1068
40	18	0	4	1440
13	50	0	4	1300
31	7	0	4	217
82	85	0	4	13940
23	29	0	4	1334
90	89	0	4	16020
96	53	0	4	15264
5	7	0	4	105
6	14	0	4	252
34	88	0	4	5984
47	41	0	4	3854
14	39	0	4	1092
11	34	0	4	748
33	10	0	4	990
85	13	0	4	1105
89	16	0	4	1424
11	87	0	4	2871
24	33	0	4	1584
33	11	0	4	726
35	36	0	4	3780
57	87	0	4	9918
88	46	0	4	12144
36	98	0	4	7056
84	15	0	4	1260
55	78	0	4	12870
58	53	0	4	3074
20	32	0	4	640
80	22	0	4	3520
84	54	0	4	4536
92	28	0	4	2576
74	52	0	4	3848
7	80	0	4	1680
40	24	0	4	1920
53	52	0	4	2756
34	84	0	4	8568
2	86	0	4	344
91	35	0	4	3185
23	17	0	4	1173
33	96	0	4	6336
77	97	0	4	14938
25	15	0	4	375
16	90	0	4	1440
19	31	0	4	1767
8	33	0	4	792
16	34	0	4	1632
82	11	0	4	902
54	95	0	4	5130
100	28	0	4	5600
45	48	0	4	2160
94	16	0	4	4512
92	34	0	4	9384
50	27	0	4	1350
3	97	0	4	291
73	88	0	4	12848
20	49	0	4	2940
75	51	0	4	11475
18	29	0	4	1566
36	98	0	4	3528
85	13	0	4	2210
83	31	0	4	5146
14	92	0	4	1288
48	40	0	4	3840
42	83	0	4	3486
19	9	0	4	513
25	37	0	4	2775
76	99	0	4	22572
4	50	0	4	600
4	85	0	4	340
89	76	0	4	13528
92	3	0	4	828
91	52	0	4	4732
9	2	0	4	18
37	81	0	4	5994
60	72	0	4	12960
7	90	0	4	1890
7	23	0	4	483
82	55	0	4	13530
36	40	0	4	4320
10	34	0	4	1020
81	80	0	4	19440
21	4	0	4	252
19	44	0	4	1672
47	9	0	4	1269
38	20	0	4	760
99	35	0	4	10395
38	7	0	4	266
16	19	0	4	608
30	45	0	4	4050
98	11	0	4	3234
82	58	0	4	14268
65	77	0	4	5005
59	78	0	4	9204
40	25	0	4	2000
4	4	0	4	16
2	15	0	4	30
21	24	0	4	1008
10	14	0	4	420
47	40	0	4	3760
31	36	0	4	3348
85	10	0	4	850
34	89	0	4	3026
43	48	0	4	4128
49	19	0	4	2793
85	57	0	4	4845
43	2	0	4	258
100	15	0	4	1500
100	2	0	4	200
50	89	0	4	8900
8	12	0	4	96
90	9	0	4	810
86	12	0	4	1032
95	31	0	4	2945
19	82	0	4	3116
86	10	0	4	860
22	29	0	4	1914
25	43	0	4	3225
2	88	0	4	176
71	86	0	4	6106
46	2	0	4	92
36	45	0	4	1620
70	52	0	4	10920
49	22	0	4	2156
3	41	0	4	123
9	88	0	4	792
96	44	0	4	8448
78	83	0	4	12948
51	85	0	4	8670
14	97	0	4	1358
99	15	0	4	2970
78	41	0	4	9594
46	86	0	4	7912
25	44	0	4	3300
95	94	0	4	26790
48	95	0	4	13680
15	8	0	4	120
71	51	0	4	7242
82	28	0	4	4592
5	9	0	4	45
13	26	0	4	338
92	53	0	4	9752
93	21	0	4	5859
84	51	0	4	4284
77	17	0	4	2618
88	12	0	4	1056
29	86	0	4	2494
48	49	0	4	7056
88	9	0	4	2376
33	41	0	4	2706
78	27	0	4	2106
11	40	0	4	880
17	94	0	4	4794
47	87	0	4	8178
78	90	0	4	14040
48	36	0	4	5184
78	87	0	4	20358
38	8	0	4	608
33	99	0	4	9801
98	11	0	4	3234
28	50	0	4	2800
77	23	0	4	3542
85	16	0	4	2720
98	45	0	4	4410
20	37	0	4	2220
98	30	0	4	8820
30	97	0	4	8730
17	32	0	4	544
61	89	0	4	10858
31	49	0	4	3038
77	46	0	4	7084
6	38	0	4	456
28	48	0	4	2688
45	85	0	4	11475
31	28	0	4	2604
58	100	0	4	17400
14	87	0	4	3654
69	68	0	4	4692
36	93	0	4	6696
25	80	0	4	6000
10	12	0	4	360
58	88	0	4	10208
55	61	0	4	10065
7	5	0	4	70
70	71	0	4	14910
99	94	0	4	18612
47	46	0	4	6486
4	12	0	4	144
15	37	0	4	555
6	35	0	4	630
76	36	0	4	2736
6	15	0	4	90
35	88	0	4	9240
97	47	0	4	13677
40	6	0	4	720
14	14	0	4	196
29	82	0	4	4756
68	79	0	4	16116
13	8	0	4	208
18	50	0	4	900
5	26	0	4	390
38	79	0	4	6004
41	94	0	4	3854
39	35	0	4	4095
100	56	0	4	11200
95	10	0	4	2850
38	78	0	4	2964
66	77	0	4	15246
29	26	0	4	1508
19	20	0	4	760
83	61	0	4	10126
92	4	0	4	368
48	95	0	4	9120
53	59	0	4	3127
22	16	0	4	352
41	31	0	4	1271
73	99	0	4	7227
82	69	0	4	11316
91	48	0	4	13104
50	86	0	4	12900
79	35	0	4	5530
22	88	0	4	5808
98	98	0	4	28812
27	99	0	4	8019
58	87	0	4	10092
73	97	0	4	21243
95	70	0	4	6650
42	11	0	4	462
27	28	0	4	1512
12	45	0	4	1620
38	85	0	4	9690
98	42	0	4	12348
37	8	0	4	888
48	6	0	4	864
59	78	0	4	13806
2	40	0	4	160
56	70	0	4	7840
99	86	0	4	25542
19	36	0	4	1368
31	12	0	4	744
89	60	0	4	16020
42	37	0	4	1554
8	32	0	4	512
5	44	0	4	440
41	83	0	4	6806
6	85	0	4	1530
78	22	0	4	3432
82	87	0	4	14268
36	39	0	4	4212
80	38	0	4	6080
3	82	0	4	492
42	94	0	4	3948
38	2	0	4	76
39	8	0	4	624
69	65	0	4	4485
18	19	0	4	1026
99	69	0	4	6831
33	40	0	4	3960
24	40	0	4	2880
4	98	0	4	1176
40	4	0	4	480
54	100	0	4	16200
19	83	0	4	3154
83	91	0	4	22659
33	11	0	4	363
34	95	0	4	9690
19	46	0	4	874
19	5	0	4	95
37	96	0	4	7104
33	100	0	4	9900
89	63	0	4	16821
81	27	0	4	2187
33	21	0	4	1386
50	36	0	4	5400
88	3	0	4	528
78	12	0	4	1872
85	41	0	4	10455
49	3	0	4	147
100	89	0	4	17800
97	75	0	4	7275
8	20	0	4	160
31	49	0	4	4557
57	81	0	4	13851
91	5	0	4	910
79	52	0	4	8216
46	24	0	4	1104
99	17	0	4	5049
20	32	0	4	640
16	29	0	4	928
15	22	0	4	330
52	91	0	4	14196
53	56	0	4	2968
59	97	0	4	17169
70	78	0	4	16380
89	57	0	4	5073
94	18	0	4	5076
4	46	0	4	184
91	49	0	4	13377
9	88	0	4	1584
17	35	0	4	1190
6	32	0	4	192
71	60	0	4	4260
14	16	0	4	448
89	46	0	4	8188
7	47	0	4	987
46	15	0	4	2070
55	79	0	4	8690
74	85	0	4	18870
93	94	0	4	26226
12	99	0	4	1188
37	32	0	4	2368
98	10	0	4	1960
69	67	0	4	13869
31	90	0	4	2790
100	77	0	4	23100
14	2	0	4	28
97	11	0	4	2134
14	46	0	4	1288
45	8	0	4	360
32	17	0	4	1632
96	36	0	4	3456
40	10	0	4	800
99	99	0	4	9801
89	91	0	4	16198
20	36	0	4	1440
38	48	0	4	3648
45	93	0	4	12555
27	5	0	4	135
28	29	0	4	812
5	78	0	4	1170
3	84	0	4	504
16	86	0	4	4128
11	12	0	4	264
9	81	0	4	729
7	85	0	4	595
5	29	0	4	145
45	97	0	4	8730
41	49	0	4	2009
44	25	0	4	2200
24	76	0	4	1824
39	98	0	4	11466
55	58	0	4	9570
89	74	0	4	19758
89	12	0	4	3204
37	13	0	4	1443
26	17	0	4	1326
46	3	0	4	138
7	23	0	4	483
45	77	0	4	10395
21	92	0	4	5796
87	20	0	4	5220
40	7	0	4	560
12	95	0	4	3420
83	23	0	4	3818
84	96	0	4	16128
61	92	0	4	16836
33	18	0	4	594
67	59	0	4	11859
8	98	0	4	1568
35	10	0	4	1050
38	17	0	4	646
84	14	0	4	2352
74	80	0	4	11840
47	17	0	4	2397
19	36	0	4	684
14	43	0	4	602
88	30	0	4	7920
44	83	0	4	7304
92	44	0	4	4048
98	41	0	4	8036
43	44	0	4	3784
20	90	0	4	5400
24	98	0	4	4704
79	93	0	4	22041
97	38	0	4	3686
85	3	0	4	255
24	2	0	4	48
2	4	0	4	8
58	67	0	4	11658
82	71	0	4	5822
26	44	0	4	1144
60	99	0	4	17820
2	6	0	4	36
24	35	0	4	1680
77	71	0	4	5467
6	81	0	4	972
2	95	0	4	380
3	76	0	4	228
87	42	0	4	10962
72	68	0	4	4896
50	99	0	4	4950
67	51	0	4	3417
38	40	0	4	3040
47	43	0	4	6063
96	63	0	4	12096
26	17	0	4	884
15	87	0	4	1305
91	54	0	4	14742
13	99	0	4	2574
97	15	0	4	4365
43	5	0	4	215
98	92	0	4	18032
90	58	0	4	15660
36	50	0	4	3600
99	44	0	4	4356
14	33	0	4	1386
42	91	0	4	11466
25	82	0	4	2050
11	44	0	4	484
3	8	0	4	72
42	34	0	4	4284
21	91	0	4	5733
97	14	0	4	1358
31	36	0	4	3348
17	32	0	4	1088
55	75	0	4	4125
32	100	0	4	6400
4	41	0	4	164
42	30	0	4	2520
31	35	0	4	3255
23	33	0	4	759
5	25	0	4	375
54	54	0	4	2916
93	2	0	4	186
34	19	0	4	646
87	57	0	4	14877
32	7	0	4	672
93	16	0	4	4464
33	79	0	4	2607
90	44	0	4	3960
40	38	0	4	1520
88	35	0	4	9240
88	77	0	4	20328
76	45	0	4	10260
36	37	0	4	3996
62	70	0	4	4340
46	27	0	4	2484
5	97	0	4	970
80	28	0	4	2240
97	62	0	4	6014
22	93	0	4	4092
100	78	0	4	15600
42	10	0	4	840
26	10	0	4	260
25	93	0	4	4650
3	29	0	4	87
49	93	0	4	13671
29	18	0	4	522
83	25	0	4	2075
97	27	0	4	5238
17	3	0	4	153
41	84	0	4	10332
25	47	0	4	3525
85	2	0	4	170
81	12	0	4	1944
22	8	0	4	352
66	64	0	4	4224
93	27	0	4	5022
50	76	0	4	3800
20	92	0	4	3680
57	54	0	4	9234
34	7	0	4	238
99	91	0	4	18018
72	56	0	4	12096
22	78	0	4	5148
87	11	0	4	1914
6	30	0	4	180
76	66	0	4	15048
31	17	0	4	1581
19	44	0	4	2508
35	16	0	4	1680
12	26	0	4	624
94	28	0	4	7896
16	81	0	4	1296
44	83	0	4	10956
85	80	0	4	20400
96	12	0	4	3456
38	28	0	4	1064
84	3	0	4	252
7	40	0	4	560
2	5	0	4	30
37	83	0	4	9213
18	100	0	4	5400
28	33	0	4	924
85	27	0	4	6885
13	37	0	4	1443
37	24	0	4	888
41	4	0	4	492
77	8	0	4	1232
83	62	0	4	15438
88	20	0	4	3520
40	50	0	4	4000
9	34	0	4	306
48	78	0	4	11232
3	86	0	4	516
49	9	0	4	1323
37	41	0	4	3034
97	49	0	4	14259
98	35	0	4	3430
82	7	0	4	1722
20	10	0	4	600
75	87	0	4	13050
14	28	0	4	392
22	45	0	4	2970
97	53	0	4	15423
70	71	0	4	4970
100	47	0	4	14100
28	7	0	4	588
39	20	0	4	2340
60	73	0	4	13140
34	25	0	4	1700
63	95	0	4	11970
34	21	0	4	1428
97	2	0	4	582
22	8	0	4	352
49	5	0	4	245
20	23	0	4	1380
7	37	0	4	259
15	91	0	4	1365
80	31	0	4	2480
61	64	0	4	7808
71	81	0	4	17253
20	81	0	4	3240
35	6	0	4	630
16	81	0	4	3888
91	58	0	4	10556
68	83	0	4	11288
20	97	0	4	3880
22	100	0	4	6600
17	15	0	4	510
32	35	0	4	2240
79	40	0	4	6320
24	32	0	4	2304
36	28	0	4	2016
91	41	0	4	7462
82	52	0	4	12792
18	4	0	4	216
96	90	0	4	8640
76	35	0	4	5320
81	96	0	4	15552
3	46	0	4	414
63	54	0	4	10206
84	32	0	4	5376
13	5	0	4	130
99	3	0	4	297
6	41	0	4	492
14	46	0	4	1288
97	89	0	4	17266
20	87	0	4	5220
99	47	0	4	4653
7	90	0	4	1260
50	44	0	4	2200
98	56	0	4	10976
42	98	0	4	8232
85	27	0	4	6885
25	39	0	4	975
93	97	0	4	27063
60	77	0	4	4620
49	6	0	4	882
84	89	0	4	14952
46	50	0	4	2300
89	30	0	4	2670
17	19	0	4	646
8	44	0	4	704
41	36	0	4	2952
29	11	0	4	957
29	22	0	4	1276
22	93	0	4	6138
53	54	0	4	2862
40	39	0	4	1560
50	27	0	4	2700
19	5	0	4	285
32	82	0	4	5248
38	99	0	4	7524
32	87	0	4	5568
79	8	0	4	1896
34	32	0	4	3264
14	89	0	4	1246
8	98	0	4	784
99	49	0	4	9702
97	15	0	4	4365
