500
100	100
36	25	0	3	1800
34	7	0	3	476
11	47	0	3	1034
95	7	0	3	1330
94	27	0	3	5076
45	34	0	3	4590
2	27	0	3	108
41	40	0	3	4920
99	9	0	3	1782
27	96	0	3	7776
80	11	0	3	880
21	78	0	3	3276
34	32	0	3	2176
24	82	0	3	5904
76	5	0	3	760
70	92	0	3	6440
25	35	0	3	2625
50	15	0	3	1500
83	32	0	3	5312
82	71	0	3	11644
6	94	0	3	1128
78	60	0	3	9360
12	100	0	3	1200
6	13	0	3	234
84	47	0	3	7896
100	50	0	3	5000
55	75	0	3	8250
100	10	0	3	2000
84	8	0	3	1344
70	77	0	3	16170
48	41	0	3	5904
2	94	0	3	564
48	11	0	3	528
55	57	0	3	3135
79	34	0	3	2686
83	42	0	3	10458
88	13	0	3	3432
90	99	0	3	8910
18	38	0	3	2052
30	15	0	3	450
49	6	0	3	882
32	36	0	3	3456
8	16	0	3	128
8	11	0	3	88
38	11	0	3	836
18	92	0	3	4968
37	41	0	3	1517
24	18	0	3	432
21	78	0	3	3276
40	20	0	3	2400
32	29	0	3	2784
91	87	0	3	23751
14	93	0	3	3906
47	43	0	3	6063
7	27	0	3	189
79	26	0	3	4108
12	91	0	3	3276
49	27	0	3	3969
95	19	0	3	5415
88	51	0	3	13464
37	83	0	3	9213
91	11	0	3	2002
35	4	0	3	280
32	100	0	3	6400
9	89	0	3	801
94	27	0	3	5076
86	78	0	3	20124
56	75	0	3	4200
96	78	0	3	14976
38	42	0	3	4788
38	50	0	3	5700
32	78	0	3	7488
87	18	0	3	4698
94	4	0	3	752
42	82	0	3	10332
10	48	0	3	1440
93	98	0	3	18228
61	90	0	3	5490
66	76	0	3	15048
10	32	0	3	960
17	19	0	3	969
91	20	0	3	1820
49	86	0	3	4214
87	73	0	3	19053
55	95	0	3	10450
82	26	0	3	4264
41	84	0	3	3444
86	31	0	3	5332
42	86	0	3	10836
29	76	0	3	4408
42	20	0	3	1680
8	81	0	3	648
23	33	0	3	1518
85	37	0	3	3145
88	77	0	3	6776
99	48	0	3	4752
19	31	0	3	1767
95	68	0	3	6460
9	3	0	3	81
33	43	0	3	1419
19	77	0	3	4389
47	99	0	3	4653
4	34	0	3	408
26	7	0	3	182
30	45	0	3	1350
12	90	0	3	1080
36	93	0	3	10044
8	17	0	3	272
4	79	0	3	632
66	83	0	3	16434
67	71	0	3	9514
98	45	0	3	8820
100	2	0	3	400
16	84	0	3	2688
27	46	0	3	2484
34	47	0	3	4794
47	38	0	3	3572
35	32	0	3	3360
99	16	0	3	3168
41	9	0	3	369
51	97	0	3	4947
86	39	0	3	6708
15	21	0	3	630
43	29	0	3	2494
30	94	0	3	8460
4	44	0	3	352
77	24	0	3	3696
83	16	0	3	2656
69	55	0	3	3795
33	6	0	3	198
10	76	0	3	760
89	47	0	3	12549
76	28	0	3	2128
8	98	0	3	1568
92	15	0	3	1380
90	12	0	3	1080
49	88	0	3	8624
100	99	0	3	9900
28	45	0	3	3780
55	84	0	3	13860
79	32	0	3	7584
63	79	0	3	14931
51	76	0	3	3876
77	14	0	3	3234
11	15	0	3	330
20	89	0	3	3560
76	56	0	3	12768
45	89	0	3	12015
32	34	0	3	1088
90	42	0	3	11340
39	29	0	3	2262
32	50	0	3	3200
18	96	0	3	1728
11	24	0	3	792
40	38	0	3	3040
26	33	0	3	858
38	17	0	3	1292
87	47	0	3	8178
93	93	0	3	8649
10	36	0	3	360
81	60	0	3	14580
72	67	0	3	9648
43	76	0	3	3268
37	87	0	3	3219
34	19	0	3	646
27	87	0	3	7047
96	55	0	3	5280
85	37	0	3	3145
44	29	0	3	1276
5	47	0	3	470
3	32	0	3	96
90	80	0	3	21600
43	5	0	3	430
63	80	0	3	15120
29	48	0	3	4176
33	17	0	3	1122
40	50	0	3	2000
84	82	0	3	13776
90	55	0	3	14850
55	100	0	3	11000
8	84	0	3	1344
99	69	0	3	6831
31	10	0	3	620
28	46	0	3	3864
95	81	0	3	23085
6	15	0	3	180
99	86	0	3	8514
52	83	0	3	4316
44	97	0	3	8536
24	5	0	3	360
96	34	0	3	3264
13	95	0	3	2470
14	19	0	3	532
8	12	0	3	192
77	99	0	3	15246
79	43	0	3	3397
7	91	0	3	637
42	82	0	3	10332
21	17	0	3	1071
77	47	0	3	10857
45	25	0	3	1125
26	27	0	3	702
31	80	0	3	2480
2	5	0	3	10
36	92	0	3	9936
32	2	0	3	64
25	2	0	3	50
72	86	0	3	6192
8	97	0	3	1552
43	31	0	3	1333
19	45	0	3	2565
19	76	0	3	4332
78	42	0	3	6552
19	23	0	3	874
92	33	0	3	9108
36	86	0	3	3096
80	85	0	3	13600
36	20	0	3	1440
100	81	0	3	16200
33	85	0	3	5610
77	77	0	3	11858
41	11	0	3	1353
99	48	0	3	14256
17	19	0	3	969
34	46	0	3	1564
22	34	0	3	2244
55	80	0	3	13200
18	94	0	3	5076
44	93	0	3	12276
49	38	0	3	1862
96	30	0	3	8640
11	93	0	3	3069
12	96	0	3	1152
59	93	0	3	16461
5	100	0	3	1500
51	69	0	3	10557
2	2	0	3	8
89	12	0	3	2136
45	9	0	3	405
89	28	0	3	7476
13	13	0	3	338
83	43	0	3	10707
53	69	0	3	3657
39	87	0	3	6786
24	98	0	3	4704
41	25	0	3	1025
15	26	0	3	780
97	44	0	3	12804
92	44	0	3	8096
77	33	0	3	5082
7	24	0	3	504
17	20	0	3	340
29	88	0	3	2552
43	30	0	3	1290
96	54	0	3	5184
38	81	0	3	9234
3	91	0	3	819
39	26	0	3	1014
11	90	0	3	2970
31	21	0	3	1953
10	50	0	3	1500
45	47	0	3	6345
99	91	0	3	27027
18	97	0	3	1746
25	24	0	3	600
45	29	0	3	3915
42	90	0	3	3780
86	13	0	3	1118
45	6	0	3	810
35	49	0	3	5145
13	16	0	3	624
83	7	0	3	1162
43	6	0	3	516
80	94	0	3	22560
60	59	0	3	7080
36	76	0	3	5472
81	3	0	3	729
73	79	0	3	17301
88	71	0	3	6248
42	22	0	3	2772
3	81	0	3	729
43	78	0	3	3354
25	24	0	3	1200
48	89	0	3	12816
99	22	0	3	4356
66	55	0	3	3630
17	33	0	3	1683
48	3	0	3	288
9	99	0	3	2673
41	80	0	3	6560
61	90	0	3	10980
36	35	0	3	3780
49	5	0	3	490
11	30	0	3	330
73	83	0	3	18177
50	41	0	3	6150
59	99	0	3	17523
15	79	0	3	3555
62	67	0	3	4154
29	15	0	3	870
88	28	0	3	4928
7	82	0	3	1148
83	49	0	3	8134
83	35	0	3	5810
38	5	0	3	570
4	94	0	3	752
37	39	0	3	1443
62	85	0	3	10540
4	20	0	3	240
4	13	0	3	156
84	8	0	3	1344
82	17	0	3	1394
66	73	0	3	14454
61	57	0	3	3477
77	65	0	3	15015
77	29	0	3	2233
100	26	0	3	2600
78	22	0	3	5148
14	99	0	3	4158
83	58	0	3	9628
46	80	0	3	3680
86	89	0	3	7654
27	41	0	3	1107
76	63	0	3	9576
75	93	0	3	13950
87	39	0	3	6786
77	19	0	3	1463
90	93	0	3	8370
70	61	0	3	8540
97	88	0	3	17072
52	93	0	3	9672
88	4	0	3	704
81	89	0	3	21627
88	47	0	3	8272
77	25	0	3	5775
14	21	0	3	882
50	20	0	3	3000
31	42	0	3	2604
9	82	0	3	1476
30	8	0	3	480
31	8	0	3	496
100	20	0	3	4000
89	40	0	3	3560
88	3	0	3	792
85	2	0	3	340
44	27	0	3	1188
92	29	0	3	5336
19	81	0	3	4617
48	4	0	3	576
40	86	0	3	10320
25	94	0	3	7050
40	84	0	3	3360
89	65	0	3	17355
8	46	0	3	736
87	90	0	3	7830
80	11	0	3	2640
81	33	0	3	8019
41	41	0	3	5043
15	87	0	3	2610
5	13	0	3	130
16	27	0	3	432
88	62	0	3	16368
88	57	0	3	5016
30	92	0	3	2760
24	8	0	3	192
7	27	0	3	189
19	10	0	3	380
14	3	0	3	84
19	29	0	3	551
14	97	0	3	1358
10	88	0	3	1760
77	38	0	3	2926
90	82	0	3	22140
99	87	0	3	8613
6	43	0	3	774
99	32	0	3	9504
39	85	0	3	6630
44	15	0	3	1980
51	70	0	3	7140
40	11	0	3	880
91	27	0	3	4914
54	57	0	3	9234
24	85	0	3	2040
46	28	0	3	1288
32	20	0	3	1280
32	3	0	3	96
42	94	0	3	7896
100	51	0	3	15300
79	16	0	3	1264
84	19	0	3	4788
79	62	0	3	9796
51	59	0	3	6018
11	29	0	3	638
86	100	0	3	17200
85	49	0	3	8330
63	92	0	3	11592
95	13	0	3	3705
24	79	0	3	1896
2	45	0	3	180
24	6	0	3	432
38	82	0	3	6232
7	80	0	3	560
60	76	0	3	4560
83	84	0	3	6972
68	85	0	3	5780
49	32	0	3	1568
46	30	0	3	2760
3	94	0	3	846
24	84	0	3	4032
26	19	0	3	1482
33	97	0	3	3201
42	24	0	3	2016
86	34	0	3	2924
96	84	0	3	16128
36	77	0	3	5544
25	9	0	3	450
4	49	0	3	392
45	3	0	3	405
28	16	0	3	448
53	57	0	3	3021
42	27	0	3	2268
23	99	0	3	2277
28	79	0	3	6636
27	7	0	3	189
9	45	0	3	810
6	82	0	3	984
10	93	0	3	2790
41	22	0	3	1804
96	29	0	3	8352
89	13	0	3	3471
85	26	0	3	6630
61	78	0	3	4758
53	67	0	3	10653
79	77	0	3	18249
33	83	0	3	2739
20	99	0	3	5940
72	85	0	3	12240
82	31	0	3	7626
35	11	0	3	385
2	35	0	3	210
39	26	0	3	3042
16	82	0	3	2624
96	8	0	3	1536
35	17	0	3	1785
29	47	0	3	4089
40	35	0	3	4200
23	76	0	3	5244
76	24	0	3	5472
31	13	0	3	403
88	73	0	3	19272
10	26	0	3	520
13	29	0	3	754
75	64	0	3	4800
5	79	0	3	1185
92	35	0	3	6440
54	99	0	3	10692
42	91	0	3	3822
45	92	0	3	8280
49	4	0	3	392
18	28	0	3	504
80	2	0	3	160
12	8	0	3	96
58	73	0	3	8468
59	91	0	3	10738
93	70	0	3	19530
3	5	0	3	15
68	52	0	3	3536
45	8	0	3	360
32	32	0	3	3072
51	73	0	3	7446
63	60	0	3	3780
49	25	0	3	1225
44	3	0	3	396
60	89	0	3	5340
92	2	0	3	552
46	82	0	3	7544
85	37	0	3	3145
15	41	0	3	1845
57	88	0	3	5016
63	60	0	3	3780
3	24	0	3	144
48	22	0	3	1056
23	41	0	3	2829
37	7	0	3	518
48	11	0	3	528
54	93	0	3	15066
14	91	0	3	3822
19	91	0	3	1729
28	31	0	3	868
17	34	0	3	578
90	56	0	3	5040
8	27	0	3	648
80	65	0	3	10400
26	83	0	3	4316
50	83	0	3	4150
25	86	0	3	2150
43	45	0	3	5805
47	34	0	3	1598
82	21	0	3	5166
22	7	0	3	308
