1000
100	100
32	6	0	1	384
34	32	0	1	2176
88	60	0	1	15840
42	39	0	1	1638
4	8	0	1	64
93	48	0	1	13392
12	2	0	1	24
83	23	0	1	3818
79	32	0	1	2528
12	93	0	1	2232
53	91	0	1	14469
13	29	0	1	754
77	47	0	1	3619
99	49	0	1	4851
18	5	0	1	180
57	100	0	1	17100
2	96	0	1	384
42	37	0	1	4662
50	34	0	1	1700
79	8	0	1	1896
14	18	0	1	504
47	81	0	1	3807
31	82	0	1	5084
78	8	0	1	624
86	14	0	1	2408
98	35	0	1	6860
23	90	0	1	4140
42	3	0	1	252
97	26	0	1	2522
86	73	0	1	12556
44	48	0	1	4224
94	5	0	1	1410
99	88	0	1	17424
50	37	0	1	3700
63	82	0	1	15498
34	15	0	1	1530
39	97	0	1	7566
7	23	0	1	161
38	97	0	1	11058
93	18	0	1	5022
28	97	0	1	2716
22	81	0	1	5346
27	88	0	1	4752
40	17	0	1	1360
13	100	0	1	2600
2	34	0	1	68
53	83	0	1	8798
13	87	0	1	1131
10	21	0	1	630
30	81	0	1	4860
63	64	0	1	4032
51	76	0	1	7752
73	96	0	1	21024
76	2	0	1	152
4	21	0	1	168
45	26	0	1	3510
11	82	0	1	902
91	51	0	1	13923
17	5	0	1	85
37	46	0	1	5106
12	19	0	1	228
30	99	0	1	2970
28	10	0	1	840
23	79	0	1	5451
80	88	0	1	21120
61	98	0	1	5978
8	18	0	1	288
66	80	0	1	5280
44	40	0	1	1760
98	67	0	1	6566
100	60	0	1	18000
79	57	0	1	9006
12	18	0	1	648
73	53	0	1	11607
7	79	0	1	553
36	94	0	1	10152
86	99	0	1	25542
10	44	0	1	880
12	80	0	1	1920
42	31	0	1	3906
85	30	0	1	2550
23	87	0	1	6003
5	14	0	1	140
17	87	0	1	2958
86	67	0	1	11524
74	97	0	1	7178
50	27	0	1	4050
87	5	0	1	870
57	90	0	1	15390
24	14	0	1	1008
98	68	0	1	13328
9	40	0	1	720
30	37	0	1	1110
89	58	0	1	10324
92	20	0	1	3680
16	82	0	1	2624
83	70	0	1	17430
21	42	0	1	1764
59	97	0	1	5723
12	15	0	1	540
44	16	0	1	704
40	82	0	1	6560
43	7	0	1	602
45	10	0	1	450
100	81	0	1	24300
49	48	0	1	7056
44	9	0	1	396
93	33	0	1	9207
6	27	0	1	486
76	22	0	1	1672
50	26	0	1	3900
46	84	0	1	11592
62	55	0	1	10230
20	84	0	1	1680
35	78	0	1	8190
76	99	0	1	15048
45	24	0	1	1080
90	53	0	1	4770
96	90	0	1	17280
76	41	0	1	9348
39	92	0	1	10764
79	40	0	1	9480
91	30	0	1	2730
87	100	0	1	26100
29	24	0	1	696
18	20	0	1	720
70	82	0	1	11480
46	14	0	1	1932
30	22	0	1	1980
25	38	0	1	1900
70	88	0	1	18480
22	33	0	1	1452
27	49	0	1	2646
27	6	0	1	486
71	100	0	1	21300
29	100	0	1	8700
99	43	0	1	12771
29	7	0	1	406
38	8	0	1	304
98	34	0	1	9996
45	96	0	1	4320
94	39	0	1	3666
38	26	0	1	2964
31	11	0	1	682
73	61	0	1	4453
44	25	0	1	2200
85	96	0	1	16320
38	89	0	1	10146
36	46	0	1	1656
25	76	0	1	3800
4	36	0	1	288
3	26	0	1	156
3	95	0	1	570
34	24	0	1	1632
3	9	0	1	54
29	44	0	1	3828
89	40	0	1	7120
13	100	0	1	2600
2	93	0	1	558
27	78	0	1	6318
43	28	0	1	1204
87	31	0	1	2697
80	77	0	1	6160
96	28	0	1	2688
45	21	0	1	1890
7	92	0	1	1932
41	39	0	1	4797
6	36	0	1	648
89	17	0	1	4539
94	83	0	1	15604
81	69	0	1	5589
15	87	0	1	1305
99	12	0	1	1188
81	8	0	1	1296
90	32	0	1	8640
86	81	0	1	13932
12	99	0	1	1188
44	7	0	1	924
16	82	0	1	2624
14	50	0	1	700
6	42	0	1	252
32	7	0	1	224
98	2	0	1	196
10	99	0	1	1980
17	34	0	1	1734
86	8	0	1	688
29	46	0	1	2668
30	27	0	1	1620
81	2	0	1	486
29	35	0	1	1015
3	13	0	1	39
49	22	0	1	2156
81	43	0	1	3483
79	27	0	1	6399
89	80	0	1	14240
80	89	0	1	21360
96	5	0	1	1440
84	66	0	1	5544
17	78	0	1	3978
86	95	0	1	16340
16	96	0	1	4608
86	64	0	1	11008
85	84	0	1	21420
21	44	0	1	1848
100	39	0	1	7800
90	50	0	1	4500
41	3	0	1	123
43	32	0	1	4128
69	79	0	1	5451
20	81	0	1	4860
21	15	0	1	630
34	29	0	1	2958
81	22	0	1	5346
80	76	0	1	12160
73	87	0	1	12702
20	6	0	1	120
76	98	0	1	22344
76	36	0	1	2736
93	62	0	1	11532
79	26	0	1	6162
17	87	0	1	1479
63	63	0	1	7938
77	42	0	1	6468
6	43	0	1	258
84	78	0	1	13104
63	95	0	1	11970
10	2	0	1	20
56	63	0	1	7056
65	99	0	1	12870
87	79	0	1	13746
48	93	0	1	4464
5	47	0	1	235
32	28	0	1	1792
81	39	0	1	3159
49	48	0	1	4704
4	49	0	1	588
3	78	0	1	234
40	10	0	1	400
13	45	0	1	1170
78	35	0	1	5460
47	24	0	1	1128
96	35	0	1	10080
45	29	0	1	3915
75	61	0	1	9150
35	46	0	1	4830
20	15	0	1	300
86	11	0	1	946
13	35	0	1	1365
50	13	0	1	1950
37	77	0	1	2849
3	7	0	1	42
45	84	0	1	7560
37	2	0	1	74
49	49	0	1	7203
32	16	0	1	1536
48	46	0	1	4416
15	86	0	1	3870
2	8	0	1	16
26	85	0	1	4420
94	16	0	1	1504
7	2	0	1	28
53	51	0	1	8109
91	40	0	1	7280
35	10	0	1	350
100	42	0	1	4200
37	34	0	1	2516
8	22	0	1	176
27	7	0	1	378
53	75	0	1	11925
91	15	0	1	4095
79	44	0	1	3476
98	36	0	1	7056
93	53	0	1	14787
69	70	0	1	4830
81	8	0	1	648
5	93	0	1	465
54	71	0	1	11502
65	92	0	1	11960
22	19	0	1	1254
89	15	0	1	4005
27	38	0	1	2052
97	44	0	1	8536
100	11	0	1	1100
13	96	0	1	2496
69	78	0	1	16146
36	94	0	1	10152
34	88	0	1	8976
93	3	0	1	279
13	5	0	1	195
98	84	0	1	16464
8	78	0	1	624
66	65	0	1	8580
96	47	0	1	13536
35	79	0	1	8295
45	22	0	1	2970
10	77	0	1	770
85	74	0	1	18870
14	9	0	1	126
20	88	0	1	3520
78	29	0	1	4524
12	17	0	1	612
93	96	0	1	26784
47	47	0	1	2209
100	21	0	1	6300
97	47	0	1	9118
34	91	0	1	3094
24	13	0	1	624
19	78	0	1	4446
94	32	0	1	9024
88	9	0	1	2376
42	30	0	1	1260
86	56	0	1	9632
13	92	0	1	1196
52	57	0	1	8892
89	14	0	1	2492
21	92	0	1	5796
46	21	0	1	966
18	94	0	1	5076
25	43	0	1	3225
7	44	0	1	616
33	99	0	1	9801
13	5	0	1	195
24	11	0	1	792
30	20	0	1	600
78	80	0	1	12480
77	72	0	1	16632
91	30	0	1	2730
42	2	0	1	252
40	17	0	1	2040
30	90	0	1	5400
85	68	0	1	11560
77	50	0	1	7700
99	53	0	1	10494
50	39	0	1	5850
43	39	0	1	3354
7	26	0	1	364
15	15	0	1	450
90	37	0	1	6660
26	82	0	1	6396
8	7	0	1	112
24	100	0	1	2400
46	16	0	1	736
16	31	0	1	1488
96	41	0	1	11808
21	45	0	1	945
8	40	0	1	640
97	38	0	1	3686
44	88	0	1	11616
43	41	0	1	5289
98	28	0	1	2744
48	34	0	1	3264
25	91	0	1	4550
3	7	0	1	63
3	24	0	1	72
33	38	0	1	1254
43	15	0	1	1935
23	3	0	1	69
94	42	0	1	11844
32	11	0	1	704
24	87	0	1	4176
95	4	0	1	1140
88	71	0	1	18744
59	86	0	1	15222
94	55	0	1	5170
45	85	0	1	11475
77	8	0	1	1848
31	4	0	1	124
58	71	0	1	12354
89	35	0	1	3115
61	55	0	1	3355
36	32	0	1	1152
72	66	0	1	4752
30	48	0	1	2880
32	97	0	1	3104
79	26	0	1	4108
60	69	0	1	8280
11	25	0	1	550
41	36	0	1	4428
84	51	0	1	8568
36	33	0	1	2376
23	79	0	1	5451
34	83	0	1	8466
81	11	0	1	891
3	97	0	1	873
41	21	0	1	861
91	6	0	1	1638
32	2	0	1	128
79	48	0	1	3792
14	47	0	1	1974
26	2	0	1	52
97	15	0	1	4365
29	90	0	1	5220
99	32	0	1	9504
27	91	0	1	7371
36	95	0	1	10260
50	49	0	1	2450
79	60	0	1	9480
82	85	0	1	13940
28	8	0	1	448
3	10	0	1	90
26	85	0	1	6630
89	6	0	1	1602
11	16	0	1	176
44	50	0	1	2200
41	83	0	1	10209
90	46	0	1	4140
10	81	0	1	1620
87	38	0	1	6612
38	30	0	1	2280
65	75	0	1	9750
7	21	0	1	441
4	38	0	1	304
76	39	0	1	2964
14	17	0	1	714
28	23	0	1	1932
41	7	0	1	861
97	27	0	1	5238
85	32	0	1	5440
28	18	0	1	504
12	27	0	1	324
30	35	0	1	2100
43	20	0	1	860
9	85	0	1	2295
13	20	0	1	260
48	86	0	1	8256
15	49	0	1	735
22	84	0	1	1848
23	76	0	1	1748
37	14	0	1	1036
87	39	0	1	3393
17	35	0	1	1785
29	28	0	1	812
89	29	0	1	5162
38	25	0	1	2850
94	66	0	1	6204
23	26	0	1	1794
47	44	0	1	4136
21	88	0	1	5544
17	6	0	1	306
21	30	0	1	1260
83	97	0	1	8051
87	40	0	1	10440
2	16	0	1	32
18	8	0	1	144
24	30	0	1	720
93	37	0	1	3441
87	42	0	1	10962
48	39	0	1	5616
13	14	0	1	546
94	81	0	1	15228
45	25	0	1	3375
34	14	0	1	1428
20	98	0	1	1960
80	13	0	1	1040
15	81	0	1	2430
4	17	0	1	204
3	20	0	1	180
94	46	0	1	8648
83	96	0	1	7968
94	18	0	1	3384
93	55	0	1	10230
22	6	0	1	132
8	6	0	1	96
47	8	0	1	752
98	23	0	1	6762
90	37	0	1	6660
68	83	0	1	5644
99	45	0	1	8910
77	29	0	1	2233
14	44	0	1	616
21	86	0	1	1806
6	15	0	1	180
25	23	0	1	1150
19	90	0	1	5130
18	100	0	1	3600
26	17	0	1	884
40	96	0	1	7680
39	20	0	1	2340
11	2	0	1	66
6	33	0	1	396
80	3	0	1	240
24	28	0	1	2016
70	92	0	1	6440
44	91	0	1	4004
55	98	0	1	16170
88	14	0	1	1232
25	77	0	1	1925
12	11	0	1	132
56	59	0	1	3304
15	81	0	1	1215
43	81	0	1	10449
28	91	0	1	5096
87	34	0	1	5916
27	83	0	1	4482
80	78	0	1	6240
2	22	0	1	132
5	84	0	1	1260
47	49	0	1	6909
32	40	0	1	3840
16	84	0	1	4032
92	25	0	1	6900
48	8	0	1	1152
77	37	0	1	2849
53	75	0	1	11925
82	24	0	1	3936
47	22	0	1	3102
32	10	0	1	320
36	44	0	1	4752
6	10	0	1	60
99	20	0	1	1980
9	38	0	1	1026
86	62	0	1	10664
100	82	0	1	16400
89	37	0	1	9879
63	63	0	1	11907
38	5	0	1	380
89	7	0	1	1246
81	70	0	1	5670
98	84	0	1	24696
83	56	0	1	13944
95	2	0	1	380
33	29	0	1	2871
97	9	0	1	2619
86	23	0	1	3956
79	89	0	1	21093
41	29	0	1	3567
86	62	0	1	5332
42	87	0	1	3654
10	50	0	1	1500
23	87	0	1	2001
35	21	0	1	735
99	58	0	1	11484
9	98	0	1	2646
80	78	0	1	18720
31	23	0	1	713
29	83	0	1	4814
12	84	0	1	2016
30	31	0	1	930
19	43	0	1	817
26	32	0	1	832
98	14	0	1	2744
97	35	0	1	10185
9	3	0	1	54
11	92	0	1	2024
2	19	0	1	38
28	95	0	1	2660
12	79	0	1	948
57	62	0	1	10602
79	56	0	1	13272
36	26	0	1	2808
92	28	0	1	2576
50	37	0	1	1850
84	10	0	1	2520
20	45	0	1	1800
56	69	0	1	7728
36	4	0	1	288
50	13	0	1	650
21	84	0	1	3528
31	5	0	1	155
98	8	0	1	1568
15	40	0	1	1800
88	7	0	1	616
99	23	0	1	4554
43	6	0	1	258
41	36	0	1	4428
95	5	0	1	475
38	49	0	1	1862
17	87	0	1	1479
29	84	0	1	4872
15	33	0	1	990
43	86	0	1	11094
31	78	0	1	7254
27	9	0	1	243
4	39	0	1	156
36	6	0	1	216
95	21	0	1	5985
50	77	0	1	7700
50	82	0	1	8200
95	83	0	1	7885
97	55	0	1	10670
50	92	0	1	13800
66	74	0	1	4884
14	100	0	1	1400
82	56	0	1	13776
26	47	0	1	1222
2	90	0	1	360
4	87	0	1	348
82	89	0	1	14596
81	11	0	1	1782
73	75	0	1	16425
12	43	0	1	1032
100	35	0	1	10500
88	22	0	1	3872
8	81	0	1	648
64	93	0	1	11904
100	12	0	1	2400
84	4	0	1	336
14	82	0	1	1148
42	44	0	1	1848
98	23	0	1	6762
30	12	0	1	720
34	45	0	1	4590
48	33	0	1	3168
83	39	0	1	6474
92	34	0	1	3128
47	89	0	1	8366
97	33	0	1	3201
13	85	0	1	2210
19	22	0	1	836
53	71	0	1	7526
48	42	0	1	6048
4	86	0	1	688
27	12	0	1	648
7	97	0	1	2037
49	89	0	1	8722
34	90	0	1	6120
10	34	0	1	340
12	25	0	1	600
45	27	0	1	1215
20	33	0	1	1980
89	81	0	1	21627
84	35	0	1	5880
96	7	0	1	672
6	31	0	1	558
36	24	0	1	2592
98	97	0	1	9506
29	90	0	1	7830
19	23	0	1	874
32	33	0	1	2112
91	67	0	1	12194
17	37	0	1	1887
76	78	0	1	17784
25	36	0	1	900
21	49	0	1	1029
56	85	0	1	14280
5	89	0	1	1335
94	81	0	1	22842
19	13	0	1	494
34	33	0	1	2244
65	70	0	1	13650
89	37	0	1	3293
15	21	0	1	630
70	73	0	1	5110
33	6	0	1	198
3	80	0	1	720
80	42	0	1	6720
9	5	0	1	90
31	32	0	1	992
50	28	0	1	2800
46	46	0	1	6348
30	86	0	1	2580
88	19	0	1	5016
91	37	0	1	6734
53	53	0	1	8427
91	33	0	1	6006
37	50	0	1	1850
76	29	0	1	4408
42	100	0	1	8400
29	8	0	1	232
11	39	0	1	1287
43	45	0	1	1935
48	99	0	1	4752
82	45	0	1	3690
22	83	0	1	5478
97	31	0	1	3007
95	5	0	1	475
38	95	0	1	3610
33	43	0	1	2838
4	50	0	1	400
78	28	0	1	6552
64	59	0	1	3776
50	21	0	1	3150
32	30	0	1	960
25	15	0	1	1125
96	24	0	1	6912
63	92	0	1	17388
24	37	0	1	1776
36	50	0	1	1800
5	33	0	1	330
30	98	0	1	5880
84	56	0	1	9408
33	19	0	1	1254
26	96	0	1	7488
91	89	0	1	16198
43	24	0	1	1032
26	10	0	1	520
41	77	0	1	9471
41	34	0	1	2788
86	73	0	1	6278
13	90	0	1	3510
86	64	0	1	11008
17	9	0	1	153
18	83	0	1	2988
21	34	0	1	714
5	39	0	1	195
23	7	0	1	161
21	27	0	1	1134
84	12	0	1	3024
25	93	0	1	2325
92	22	0	1	6072
29	37	0	1	2146
20	84	0	1	1680
79	54	0	1	4266
87	92	0	1	24012
84	88	0	1	7392
85	84	0	1	14280
43	99	0	1	8514
26	12	0	1	624
35	2	0	1	210
67	88	0	1	17688
28	10	0	1	280
8	30	0	1	480
82	61	0	1	5002
8	84	0	1	672
99	64	0	1	19008
50	31	0	1	1550
68	73	0	1	9928
83	5	0	1	1245
10	83	0	1	1660
24	18	0	1	432
32	95	0	1	9120
13	82	0	1	3198
30	4	0	1	240
24	3	0	1	72
6	91	0	1	1638
84	44	0	1	11088
28	15	0	1	840
3	97	0	1	582
81	26	0	1	4212
96	44	0	1	8448
21	91	0	1	3822
21	92	0	1	5796
73	66	0	1	4818
97	89	0	1	25899
96	43	0	1	8256
36	94	0	1	6768
13	26	0	1	676
48	21	0	1	2016
87	98	0	1	17052
25	89	0	1	2225
86	12	0	1	3096
72	65	0	1	9360
93	42	0	1	7812
87	47	0	1	8178
6	84	0	1	504
45	46	0	1	2070
39	5	0	1	585
95	3	0	1	855
39	23	0	1	2691
95	19	0	1	5415
80	49	0	1	11760
33	81	0	1	5346
84	46	0	1	3864
27	10	0	1	810
8	79	0	1	1896
45	95	0	1	8550
19	88	0	1	1672
93	29	0	1	2697
14	100	0	1	4200
32	100	0	1	9600
94	45	0	1	8460
5	80	0	1	800
20	95	0	1	5700
85	27	0	1	4590
47	87	0	1	8178
25	32	0	1	2400
22	82	0	1	1804
70	88	0	1	12320
45	18	0	1	810
20	50	0	1	2000
76	89	0	1	13528
96	26	0	1	7488
48	45	0	1	6480
23	81	0	1	3726
68	87	0	1	11832
98	41	0	1	8036
32	88	0	1	8448
78	7	0	1	1638
70	65	0	1	9100
40	28	0	1	1120
92	11	0	1	1012
94	27	0	1	7614
98	84	0	1	8232
36	88	0	1	3168
73	81	0	1	17739
16	15	0	1	480
94	36	0	1	10152
38	95	0	1	7220
87	34	0	1	8874
90	32	0	1	5760
87	50	0	1	4350
80	74	0	1	11840
100	36	0	1	7200
29	40	0	1	2320
79	11	0	1	869
83	37	0	1	9213
100	70	0	1	14000
56	60	0	1	6720
20	24	0	1	960
5	77	0	1	770
39	22	0	1	1716
3	30	0	1	180
98	44	0	1	4312
90	10	0	1	1800
38	30	0	1	3420
17	99	0	1	1683
100	10	0	1	1000
16	2	0	1	64
40	25	0	1	3000
42	13	0	1	546
76	47	0	1	7144
89	63	0	1	11214
21	42	0	1	882
51	99	0	1	5049
49	99	0	1	4851
22	47	0	1	2068
40	40	0	1	3200
98	10	0	1	2940
36	13	0	1	468
36	39	0	1	2808
21	23	0	1	966
78	52	0	1	8112
38	21	0	1	1596
25	23	0	1	1150
8	37	0	1	296
38	34	0	1	1292
40	28	0	1	2240
98	39	0	1	11466
94	44	0	1	12408
11	42	0	1	462
90	81	0	1	7290
18	36	0	1	1944
20	47	0	1	1880
76	25	0	1	5700
76	33	0	1	5016
96	60	0	1	17280
13	17	0	1	221
80	12	0	1	2880
12	89	0	1	3204
36	14	0	1	1512
81	46	0	1	7452
40	84	0	1	6720
9	16	0	1	144
67	57	0	1	3819
38	86	0	1	3268
11	100	0	1	1100
23	2	0	1	92
78	77	0	1	18018
31	32	0	1	1984
78	58	0	1	13572
7	15	0	1	105
30	14	0	1	420
100	61	0	1	6100
84	81	0	1	20412
6	4	0	1	48
22	15	0	1	660
30	89	0	1	5340
24	91	0	1	6552
31	95	0	1	2945
3	31	0	1	186
31	30	0	1	930
67	93	0	1	6231
94	19	0	1	5358
34	13	0	1	1326
25	89	0	1	6675
32	20	0	1	640
50	15	0	1	1500
13	11	0	1	429
83	39	0	1	6474
8	2	0	1	16
43	81	0	1	6966
31	15	0	1	465
92	93	0	1	17112
85	20	0	1	1700
2	11	0	1	44
93	44	0	1	8184
46	83	0	1	11454
34	19	0	1	1938
17	19	0	1	969
7	49	0	1	686
44	33	0	1	2904
35	94	0	1	6580
99	26	0	1	5148
21	86	0	1	1806
35	44	0	1	4620
27	22	0	1	1782
33	10	0	1	330
7	78	0	1	546
64	52	0	1	6656
20	94	0	1	1880
57	68	0	1	11628
79	36	0	1	2844
79	30	0	1	7110
91	33	0	1	9009
92	24	0	1	6624
48	76	0	1	7296
39	2	0	1	78
18	18	0	1	648
24	41	0	1	2952
34	30	0	1	3060
61	99	0	1	12078
23	12	0	1	552
85	46	0	1	11730
39	82	0	1	3198
84	13	0	1	3276
42	3	0	1	252
88	74	0	1	19536
100	6	0	1	1200
92	29	0	1	8004
8	41	0	1	328
83	48	0	1	3984
89	26	0	1	2314
10	6	0	1	120
9	76	0	1	1368
13	40	0	1	1040
26	46	0	1	3588
33	44	0	1	2904
36	29	0	1	2088
9	23	0	1	414
53	86	0	1	13674
80	2	0	1	320
34	36	0	1	3672
14	31	0	1	868
40	3	0	1	360
28	29	0	1	2436
27	80	0	1	6480
2	18	0	1	36
50	8	0	1	800
43	13	0	1	559
85	2	0	1	340
13	20	0	1	780
13	5	0	1	65
27	29	0	1	783
4	5	0	1	40
98	77	0	1	7546
17	97	0	1	1649
12	83	0	1	1992
80	40	0	1	6400
78	50	0	1	3900
36	19	0	1	1368
15	15	0	1	225
100	65	0	1	13000
30	80	0	1	7200
15	8	0	1	120
85	66	0	1	5610
100	19	0	1	3800
16	18	0	1	576
100	6	0	1	1200
9	97	0	1	1746
36	88	0	1	6336
50	92	0	1	9200
46	43	0	1	1978
84	82	0	1	20664
96	46	0	1	8832
25	78	0	1	5850
22	6	0	1	132
48	46	0	1	6624
76	96	0	1	21888
42	81	0	1	6804
93	93	0	1	17298
69	96	0	1	6624
18	7	0	1	252
49	44	0	1	2156
48	21	0	1	1008
45	39	0	1	3510
31	17	0	1	1581
66	57	0	1	7524
77	43	0	1	3311
39	81	0	1	3159
6	8	0	1	144
94	2	0	1	564
87	6	0	1	522
56	80	0	1	13440
9	12	0	1	108
32	38	0	1	2432
91	88	0	1	24024
78	47	0	1	3666
15	31	0	1	930
85	21	0	1	3570
93	27	0	1	5022
5	86	0	1	1290
98	28	0	1	2744
50	45	0	1	4500
44	9	0	1	792
50	45	0	1	6750
94	4	0	1	1128
25	80	0	1	2000
4	47	0	1	564
85	52	0	1	8840
89	73	0	1	12994
78	52	0	1	8112
23	32	0	1	736
46	49	0	1	2254
30	77	0	1	2310
16	5	0	1	80
29	50	0	1	4350
33	18	0	1	1188
26	18	0	1	936
85	26	0	1	2210
98	20	0	1	5880
