500
100	100
86	76	0	4	13072
15	95	0	4	4275
10	29	0	4	870
78	15	0	4	2340
51	90	0	4	13770
15	19	0	4	855
50	49	0	4	4900
29	6	0	4	522
74	71	0	4	5254
6	92	0	4	1656
28	88	0	4	7392
79	99	0	4	7821
33	32	0	4	2112
36	12	0	4	432
17	4	0	4	68
92	51	0	4	9384
83	34	0	4	2822
8	47	0	4	752
8	7	0	4	56
24	31	0	4	1488
15	7	0	4	210
15	18	0	4	270
86	64	0	4	5504
84	43	0	4	10836
24	24	0	4	1728
83	41	0	4	3403
56	100	0	4	11200
98	2	0	4	392
68	79	0	4	5372
44	13	0	4	572
83	83	0	4	20667
3	18	0	4	54
5	47	0	4	235
92	6	0	4	1104
49	49	0	4	7203
3	79	0	4	474
85	22	0	4	5610
30	12	0	4	720
98	44	0	4	12936
19	90	0	4	5130
46	44	0	4	2024
13	11	0	4	429
29	83	0	4	4814
34	37	0	4	1258
57	83	0	4	14193
47	39	0	4	1833
76	41	0	4	3116
41	86	0	4	7052
64	68	0	4	8704
14	26	0	4	364
49	50	0	4	4900
32	38	0	4	3648
50	96	0	4	9600
45	23	0	4	1035
26	82	0	4	4264
44	3	0	4	264
7	83	0	4	581
14	28	0	4	784
46	13	0	4	598
16	9	0	4	144
79	91	0	4	21567
46	18	0	4	828
45	80	0	4	10800
16	45	0	4	1440
54	66	0	4	10692
53	86	0	4	13674
8	14	0	4	336
9	12	0	4	108
4	33	0	4	264
17	31	0	4	1581
68	77	0	4	5236
36	48	0	4	1728
37	78	0	4	2886
16	92	0	4	1472
47	99	0	4	9306
81	50	0	4	4050
31	33	0	4	3069
78	12	0	4	1872
33	77	0	4	7623
21	86	0	4	5418
33	9	0	4	891
48	28	0	4	1344
45	21	0	4	945
18	80	0	4	1440
91	27	0	4	4914
36	21	0	4	756
51	92	0	4	14076
98	20	0	4	1960
14	4	0	4	56
3	43	0	4	258
81	53	0	4	12879
96	63	0	4	18144
31	83	0	4	7719
30	7	0	4	420
49	34	0	4	1666
38	6	0	4	456
2	11	0	4	44
12	48	0	4	1152
20	98	0	4	5880
47	18	0	4	846
24	49	0	4	3528
49	19	0	4	2793
30	8	0	4	480
95	37	0	4	7030
3	99	0	4	594
16	32	0	4	512
46	44	0	4	4048
10	95	0	4	950
84	40	0	4	3360
81	51	0	4	12393
48	77	0	4	11088
34	26	0	4	884
37	40	0	4	4440
25	33	0	4	825
25	14	0	4	700
38	45	0	4	3420
50	45	0	4	6750
27	4	0	4	108
21	42	0	4	1764
5	24	0	4	120
10	25	0	4	250
66	65	0	4	12870
79	22	0	4	3476
90	38	0	4	6840
25	97	0	4	2425
38	50	0	4	3800
31	50	0	4	4650
79	23	0	4	5451
10	83	0	4	2490
77	48	0	4	3696
40	18	0	4	720
2	16	0	4	64
22	11	0	4	242
95	26	0	4	4940
93	91	0	4	8463
28	86	0	4	7224
46	24	0	4	1104
32	93	0	4	5952
45	39	0	4	1755
21	8	0	4	504
40	45	0	4	1800
43	4	0	4	172
39	38	0	4	2964
45	25	0	4	3375
98	34	0	4	9996
24	17	0	4	816
92	20	0	4	3680
36	44	0	4	3168
37	86	0	4	6364
19	15	0	4	855
4	80	0	4	960
53	75	0	4	3975
41	14	0	4	574
70	51	0	4	10710
94	34	0	4	9588
48	20	0	4	1920
8	12	0	4	192
38	94	0	4	7144
12	4	0	4	48
45	86	0	4	11610
2	5	0	4	20
97	82	0	4	15908
86	51	0	4	4386
63	71	0	4	4473
50	6	0	4	300
97	27	0	4	2619
21	97	0	4	2037
64	53	0	4	6784
48	16	0	4	768
25	30	0	4	750
32	17	0	4	544
94	8	0	4	752
3	33	0	4	297
38	21	0	4	2394
33	19	0	4	627
79	41	0	4	9717
32	10	0	4	320
47	36	0	4	5076
100	19	0	4	3800
47	13	0	4	1833
9	18	0	4	162
8	44	0	4	352
90	17	0	4	3060
18	84	0	4	1512
8	16	0	4	384
26	47	0	4	2444
14	24	0	4	336
41	88	0	4	3608
32	10	0	4	960
34	41	0	4	4182
98	25	0	4	7350
38	4	0	4	456
49	48	0	4	4704
7	77	0	4	1078
45	41	0	4	3690
66	85	0	4	11220
8	21	0	4	336
44	81	0	4	7128
8	50	0	4	400
48	87	0	4	12528
95	30	0	4	2850
96	41	0	4	11808
87	20	0	4	3480
96	86	0	4	16512
14	28	0	4	1176
83	42	0	4	6972
65	52	0	4	6760
10	29	0	4	580
42	33	0	4	2772
49	83	0	4	12201
50	28	0	4	2800
96	72	0	4	6912
2	40	0	4	240
15	10	0	4	150
60	57	0	4	10260
34	86	0	4	8772
17	31	0	4	527
26	7	0	4	546
76	8	0	4	1216
94	30	0	4	2820
69	88	0	4	6072
8	40	0	4	320
38	90	0	4	10260
35	44	0	4	4620
18	23	0	4	414
41	12	0	4	492
31	5	0	4	155
38	35	0	4	3990
88	67	0	4	17688
5	18	0	4	180
71	89	0	4	6319
8	33	0	4	528
20	90	0	4	3600
77	88	0	4	13552
41	26	0	4	3198
92	58	0	4	16008
29	80	0	4	2320
40	38	0	4	1520
38	24	0	4	912
90	69	0	4	6210
18	11	0	4	396
14	47	0	4	1316
36	36	0	4	3888
23	82	0	4	3772
71	70	0	4	14910
40	22	0	4	880
26	35	0	4	2730
44	41	0	4	5412
26	30	0	4	780
14	33	0	4	924
35	36	0	4	2520
59	88	0	4	10384
28	18	0	4	504
7	9	0	4	126
41	18	0	4	2214
16	29	0	4	464
65	58	0	4	7540
51	91	0	4	4641
30	24	0	4	2160
38	43	0	4	4902
4	50	0	4	200
50	98	0	4	9800
37	29	0	4	2146
7	28	0	4	588
5	38	0	4	570
77	75	0	4	5775
21	41	0	4	1722
22	44	0	4	2904
29	43	0	4	3741
21	20	0	4	420
14	94	0	4	1316
89	28	0	4	2492
34	20	0	4	2040
45	25	0	4	2250
52	97	0	4	15132
86	25	0	4	4300
2	37	0	4	74
3	44	0	4	264
52	67	0	4	3484
77	11	0	4	847
11	82	0	4	2706
87	24	0	4	4176
84	23	0	4	1932
35	29	0	4	3045
38	10	0	4	1140
30	27	0	4	810
32	37	0	4	2368
46	48	0	4	2208
15	85	0	4	1275
80	59	0	4	14160
79	42	0	4	6636
74	70	0	4	10360
21	18	0	4	378
93	54	0	4	5022
43	25	0	4	1075
67	60	0	4	12060
18	88	0	4	4752
93	32	0	4	5952
78	83	0	4	12948
27	80	0	4	4320
30	22	0	4	660
19	8	0	4	304
10	28	0	4	560
57	96	0	4	16416
10	39	0	4	390
18	76	0	4	2736
31	99	0	4	6138
44	78	0	4	3432
12	49	0	4	588
80	67	0	4	16080
30	27	0	4	2430
76	26	0	4	3952
36	46	0	4	3312
31	35	0	4	3255
96	68	0	4	6528
27	22	0	4	1782
42	98	0	4	12348
54	58	0	4	6264
82	32	0	4	7872
19	20	0	4	1140
9	5	0	4	45
87	24	0	4	4176
22	47	0	4	1034
86	9	0	4	774
10	28	0	4	560
30	42	0	4	2520
2	37	0	4	74
84	17	0	4	4284
75	75	0	4	5625
4	38	0	4	304
7	41	0	4	574
10	30	0	4	300
15	19	0	4	285
17	43	0	4	731
27	4	0	4	324
34	43	0	4	4386
77	11	0	4	2541
28	49	0	4	4116
46	98	0	4	13524
7	18	0	4	378
94	38	0	4	7144
52	65	0	4	10140
79	31	0	4	4898
7	30	0	4	210
7	48	0	4	672
37	48	0	4	3552
59	54	0	4	6372
86	73	0	4	18834
90	7	0	4	1890
59	95	0	4	11210
39	14	0	4	546
10	50	0	4	1000
89	6	0	4	1602
70	87	0	4	18270
14	14	0	4	588
12	98	0	4	3528
47	4	0	4	564
43	36	0	4	3096
18	45	0	4	2430
71	83	0	4	11786
27	46	0	4	3726
4	40	0	4	320
58	63	0	4	7308
30	38	0	4	2280
19	13	0	4	741
15	2	0	4	30
11	25	0	4	550
29	2	0	4	174
39	89	0	4	6942
31	18	0	4	1116
2	22	0	4	132
30	39	0	4	1170
26	20	0	4	1560
73	83	0	4	6059
20	16	0	4	960
29	81	0	4	7047
29	50	0	4	4350
68	91	0	4	12376
46	96	0	4	8832
81	23	0	4	3726
32	10	0	4	640
5	90	0	4	900
2	43	0	4	86
58	91	0	4	10556
49	4	0	4	196
22	11	0	4	484
44	91	0	4	8008
74	94	0	4	20868
47	10	0	4	940
5	37	0	4	185
30	10	0	4	900
89	11	0	4	2937
26	5	0	4	260
10	48	0	4	1440
91	45	0	4	8190
50	90	0	4	13500
100	46	0	4	4600
17	35	0	4	1785
44	40	0	4	1760
50	31	0	4	3100
91	58	0	4	15834
15	24	0	4	1080
27	98	0	4	2646
22	7	0	4	308
26	39	0	4	3042
19	34	0	4	646
24	14	0	4	336
27	6	0	4	162
79	42	0	4	6636
77	42	0	4	3234
38	11	0	4	418
8	87	0	4	696
44	20	0	4	880
84	90	0	4	22680
79	56	0	4	4424
78	14	0	4	2184
6	14	0	4	252
50	86	0	4	4300
91	23	0	4	2093
83	49	0	4	8134
23	22	0	4	1518
18	4	0	4	144
34	6	0	4	408
28	15	0	4	840
24	49	0	4	1176
79	30	0	4	2370
86	100	0	4	8600
3	37	0	4	222
95	27	0	4	7695
47	25	0	4	2350
84	8	0	4	2016
92	11	0	4	2024
44	83	0	4	10956
83	30	0	4	2490
30	11	0	4	330
77	49	0	4	11319
13	30	0	4	780
46	49	0	4	4508
16	93	0	4	1488
50	87	0	4	13050
33	40	0	4	3960
84	5	0	4	840
36	22	0	4	792
36	98	0	4	3528
11	15	0	4	495
42	2	0	4	84
36	9	0	4	972
10	29	0	4	290
8	89	0	4	2136
49	24	0	4	3528
96	26	0	4	2496
66	70	0	4	4620
87	75	0	4	13050
41	100	0	4	8200
46	2	0	4	184
71	84	0	4	5964
44	45	0	4	3960
96	72	0	4	20736
11	42	0	4	462
96	99	0	4	19008
28	14	0	4	392
50	49	0	4	4900
27	18	0	4	972
44	49	0	4	4312
39	2	0	4	234
96	33	0	4	9504
50	49	0	4	4900
27	50	0	4	1350
20	30	0	4	1200
81	11	0	4	891
34	98	0	4	3332
100	97	0	4	19400
21	8	0	4	504
87	51	0	4	8874
63	79	0	4	4977
73	51	0	4	7446
89	9	0	4	801
78	27	0	4	6318
54	65	0	4	3510
16	86	0	4	2752
4	98	0	4	1176
40	39	0	4	1560
11	5	0	4	55
22	4	0	4	176
28	21	0	4	1764
42	18	0	4	756
20	23	0	4	1380
22	89	0	4	5874
27	81	0	4	2187
82	28	0	4	6888
40	37	0	4	4440
43	31	0	4	1333
10	27	0	4	540
16	23	0	4	736
38	14	0	4	1596
33	19	0	4	627
26	85	0	4	4420
6	6	0	4	36
49	81	0	4	7938
86	94	0	4	8084
